,Identifier.label,Identifier.RegionClass,Size.Area,Size.ConvexHullArea,Shape.Eccentricity,Shape.EquivalentDiameter,Shape.EulerNumber,Shape.Extent,Shape.MaxFeretDiameter,Size.FilledArea,Size.MajorAxisLength,Size.MinorAxisLength,Size.Perimeter,Shape.Solidity,Shape.FractalDimension,Shape.MinorMajorAxisRatio,Shape.Circularity,NuclearComposition.NormalizedPixelCount.CancerEpithelium,NuclearComposition.NormalizedPixelCount.NormalEpithelium,NuclearComposition.NormalizedPixelCount.StromalCellNOS,NuclearComposition.NormalizedPixelCount.TILsCell,NuclearComposition.NormalizedPixelCount.ActiveTILsCell,NuclearComposition.NormalizedPixelCount.UnknownOrAmbiguousCell,NuclearComposition.NormalizedPixelCount.BACKGROUND,Neighborhood.PixelCount.Surround-ALL.Distance-64,Neighborhood.Regions.NormalizedPixelCount.Surround-TUMOR.Distance-64,Neighborhood.Regions.NormalizedPixelCount.Surround-STROMA.Distance-64,Neighborhood.Regions.NormalizedPixelCount.Surround-TILS.Distance-64,Neighborhood.Regions.NormalizedPixelCount.Surround-JUNK.Distance-64,Neighborhood.Regions.NormalizedPixelCount.Surround-WHITE.Distance-64,Neighborhood.Nuclei.NormalizedPixelCount.Surround-CancerEpithelium.Distance-64,Neighborhood.Nuclei.NormalizedPixelCount.Surround-NormalEpithelium.Distance-64,Neighborhood.Nuclei.NormalizedPixelCount.Surround-StromalCellNOS.Distance-64,Neighborhood.Nuclei.NormalizedPixelCount.Surround-TILsCell.Distance-64,Neighborhood.Nuclei.NormalizedPixelCount.Surround-ActiveTILsCell.Distance-64,Neighborhood.Nuclei.NormalizedPixelCount.Surround-UnknownOrAmbiguousCell.Distance-64,Neighborhood.Nuclei.NormalizedPixelCount.Surround-BACKGROUND.Distance-64,Neighborhood.PixelCount.Surround-ALL.Distance-128,Neighborhood.Regions.NormalizedPixelCount.Surround-TUMOR.Distance-128,Neighborhood.Regions.NormalizedPixelCount.Surround-STROMA.Distance-128,Neighborhood.Regions.NormalizedPixelCount.Surround-TILS.Distance-128,Neighborhood.Regions.NormalizedPixelCount.Surround-JUNK.Distance-128,Neighborhood.Regions.NormalizedPixelCount.Surround-WHITE.Distance-128,Neighborhood.Nuclei.NormalizedPixelCount.Surround-CancerEpithelium.Distance-128,Neighborhood.Nuclei.NormalizedPixelCount.Surround-NormalEpithelium.Distance-128,Neighborhood.Nuclei.NormalizedPixelCount.Surround-StromalCellNOS.Distance-128,Neighborhood.Nuclei.NormalizedPixelCount.Surround-TILsCell.Distance-128,Neighborhood.Nuclei.NormalizedPixelCount.Surround-ActiveTILsCell.Distance-128,Neighborhood.Nuclei.NormalizedPixelCount.Surround-UnknownOrAmbiguousCell.Distance-128,Neighborhood.Nuclei.NormalizedPixelCount.Surround-BACKGROUND.Distance-128
TUMOR.47,47,TUMOR,9406,13093,0.7241777082884039,109.43532865477647,1,0.5507025761124121,157.2895419282541,9406,143.9840018172154,99.29329759818518,878.0731598529186,0.7183991445810739,1.3127483679019967,0.6896134038852171,0.15330398142218682,0.07825709950140906,0.0,0.002709733362237156,0.0008671146759158899,0.0,0.04953392586169521,0.8686321265987427,43047.0,0.05658930935953725,0.5163890631170581,0.00016261295792970474,0.01384533184658629,0.0,0.015471461425883336,0.0,0.007131739726345622,9.292169024554556e-05,0.0,0.01377564057890213,0.6696633911770855,109173.0,0.04870251802185522,0.4111364531523362,6.411841755745468e-05,0.00928801077189415,0.0,0.012090901596548596,0.0,0.006970587965889002,6.411841755745468e-05,0.0,0.014408324402553746,0.543879897044141
TUMOR.409,409,TUMOR,6262,9547,0.9853920480910833,89.29180269840893,1,0.2891310370301967,227.74108105478027,6262,242.01279149709853,41.21507792884904,935.6711395993651,0.6559128522048812,1.2007274663797765,0.17030123769033573,0.08988277231968075,0.14159859042127182,0.0,0.012493993272465162,0.0,0.0,0.0016017940092904052,0.8443056222969726,46857.0,0.05117698529568688,0.15730840642806837,0.0,0.03901231406193312,0.5809590882899033,0.02539641889152101,0.0,0.011545766907825938,0.00019207375632242782,0.0,0.001664639221461041,0.8017585419467742,117751.0,0.04255590186070607,0.16642746133790795,3.396998751602959e-05,0.030904196142707917,0.46987286732172123,0.022751399138860817,0.0,0.01089587349576649,0.0002292974157331997,0.0,0.004280218427019728,0.6826863466127676
TUMOR.411,411,TUMOR,5981,10690,0.9594726835878964,87.26537524735116,0,0.3257625272331155,222.17110523198104,5981,223.03547367940237,62.851764295863404,1009.1686142824235,0.5594948550046772,1.2598006687176406,0.2818016491233513,0.07379997181028344,0.1490328006728343,0.0,0.005382674516400336,0.0,0.0,0.005382674516400336,0.840201850294365,47374.0,0.02801114535399164,0.08416008781187993,0.0,0.0294465318529151,0.643032042892726,0.008675644868493267,0.0,0.010955376366783467,8.443449993667413e-05,0.0,0.001393169248955123,0.7641744416768692,117360.0,0.012891956373551465,0.07016871165644172,0.0,0.012048398091342876,0.4606935923653715,0.004260395364689844,0.0,0.009185412406271302,6.81663258350375e-05,0.0,0.0005623721881390593,0.542101226993865
TUMOR.447,447,TUMOR,5409,8262,0.9306649899053866,82.98766593580335,-1,0.4149597238204833,171.29214809792072,5409,177.23773435728,64.84641061614897,896.1564209736038,0.6546840958605664,1.2571357633496194,0.3658724867551627,0.08463679392102276,0.2506989748369059,0.0,0.033364398881640264,0.0,0.0,0.008946877912395153,0.7069897483690587,40306.0,0.033865925668634944,0.34240559718156105,0.0,0.016945367935294994,0.43197042623926957,0.012380290775566913,0.0,0.038629484444003374,9.924080782017565e-05,0.0,0.006525083114176549,0.7976728030566169,104183.0,0.030446426000403138,0.2540241690102992,1.91969899119818e-05,0.013601067352639107,0.3603466976378104,0.013879423706362842,0.0,0.028113991726097347,3.83939798239636e-05,0.0,0.0040697618613401414,0.6345085090657785
TUMOR.498,498,TUMOR,4880,7730,0.9413690526608431,78.82517984950998,0,0.38915470494417864,151.32745950421557,4880,161.2781876657154,54.411806047096945,726.8599564173221,0.6313065976714101,1.2465983737246809,0.33737858066632925,0.11607219534430295,0.1788868350790717,0.0,0.0020538098172109263,0.0,0.0,0.022386527007599095,0.7966728280961183,37664.0,0.07176614273576891,0.5745274001699235,0.00010620220900594733,0.03889655904842821,0.2925605352591334,0.033241291418861514,0.0,0.018054375531011045,0.000637213254035684,0.0,0.009531648258283773,0.938535471537808,99196.0,0.09374369934271543,0.5445380862131538,5.040525827654341e-05,0.03347917254728013,0.26923464655832896,0.03787451106899472,0.0,0.014476390177023266,0.00039316101455703857,0.0,0.005050606879309649,0.9041997661196016
TUMOR.605,605,TUMOR,6162,8632,0.9154714933129058,88.57596781666048,0,0.5285640761708698,174.14074767268,6162,160.90298661262415,64.74459971897548,801.445742854949,0.713855421686747,1.1972110363187034,0.4023828337931904,0.12055446645694173,0.09362139917695474,0.0,0.022976680384087792,0.0037722908093278463,0.0003429355281207133,0.0,0.879286694101509,41092.0,0.04893896622213569,0.4168207923683442,0.0,0.006448943833349557,0.08201109705052079,0.011364742528959408,0.0,0.005937895454102988,0.0,0.0,0.000584055290567507,0.5553879100554853,106082.0,0.06445014234271601,0.3503421881186252,0.0,0.017769272826681247,0.10330687581305029,0.022944514620765067,0.0,0.007852416055504232,0.00013197337908410476,0.0,0.001479987179728889,0.5142719782809525
TUMOR.752,752,TUMOR,4910,9962,0.9750661082929619,79.06709912883898,1,0.2134411406711876,194.164878389476,4910,216.8568692051853,48.123702829203296,846.399061660723,0.4928729170849227,1.1581774869256791,0.2219145882055029,0.08612733509116564,0.14696876913655849,0.0,0.003061849357011635,0.0,0.0,0.005715452133088385,0.8442539293733415,44322.0,0.0985966337259149,0.2402869906592663,0.0,0.0578493750282027,0.43350931817156263,0.04634267406705474,0.0,0.010423717341275214,0.0005640539686837236,0.0,0.004399620955733045,0.77259600198547,111947.0,0.10219121548589957,0.2632495734588689,0.0,0.048272843399108506,0.3431891877406273,0.04166257246732829,0.0,0.010031532778904303,0.00029478235236317184,0.0,0.005315015141093553,0.7096751141165015
TUMOR.1052,1052,TUMOR,4402,5830,0.9445077874696808,74.86521539356036,1,0.4480407124681934,141.32586458253138,4402,144.77906984356807,47.55833546327906,522.7350647362942,0.7550600343053173,1.0427351647643388,0.32848902479250097,0.20244014312999403,0.19584569732937684,0.0,0.004793426158411321,0.0,0.0,0.002054325496461995,0.7973065510157499,35082.0,0.08289151131634456,0.16678068525169604,0.0,0.05849153412006157,0.5562111624194743,0.03169716663816202,0.0,0.015335499686448891,0.0003420557550880794,0.0,0.0022803717005871957,0.8149763411436064,94886.0,0.11991231583162953,0.1675484265328921,0.0,0.04416879202411315,0.39057395190017496,0.03908901207765108,0.0,0.011624475686613409,0.0003267078388803406,0.0,0.0014122209809666337,0.6759163627932466
TUMOR.1060,1060,TUMOR,13940,23755,0.9014658692227976,133.22522003587824,-2,0.3622472844446754,296.99831649354513,13940,262.3058916492813,113.53915493044641,1537.3534264870236,0.5868238265628288,1.1842971718270083,0.4328501895880214,0.07411825696332892,0.1493754592211609,0.0,0.007641440117560617,0.0,0.0,0.0,0.8429831006612785,63586.0,0.07910546346680086,0.16951844745698738,0.0,0.05844053722517535,0.350863397603246,0.024203441009027143,0.0,0.006432233510521184,0.0,0.0,0.002075928663542289,0.6413833233730696,146675.0,0.0731003920231805,0.16149991477756945,0.0,0.0405386057610363,0.33999659110277825,0.026405317879665928,0.0,0.011487983637293336,0.0005658769388102949,0.0,0.001445372422021476,0.5823078234191239
TUMOR.1108,1108,TUMOR,8616,11570,0.4868452838745166,104.7388749101219,0,0.5866013071895425,142.63590010933433,8616,124.3076508008395,108.58126856568155,826.5584412271571,0.7446845289541919,1.2807193898000204,0.8734882194793135,0.1584777962395513,0.209944108057755,0.0,0.007918025151374011,0.0,0.0,0.0,0.7821378667908709,41090.0,0.013263567778048187,0.15222681917741543,9.734728644439036e-05,0.012241421270382089,0.8219274762715989,0.007714772450717936,0.0,0.019980530542711122,0.0005110732538330494,0.0,0.0011194937941104892,0.9706741299586275,105941.0,0.03423603703948424,0.17120850284592368,3.775686466995781e-05,0.014611906627273671,0.778527671062195,0.013715181091362173,0.0,0.02045478143494964,0.0007928941580691139,0.0,0.0011232667239312447,0.9636684569713331
TUMOR.1114,1114,TUMOR,7192,18033,0.553708485913886,95.69294020843591,-2,0.2886614489263496,191.65072397463047,7192,168.4592689786059,140.27781583882592,1300.2813126546314,0.39882437753008376,1.3298856813894906,0.8327105815509683,0.053454577432330924,0.06825463156428473,0.0,0.00459674049310489,0.0,0.0,0.001392951664577239,0.9257556762780331,54481.0,0.03938987904039941,0.2101283016097355,0.0001468401828160276,0.017804372166443348,0.6885886822929095,0.01782272718929535,0.0,0.021089921256951964,0.0007709109597841449,0.0,0.003065288816284576,0.9330225216130394,127400.0,0.055714285714285716,0.24782574568288854,6.279434850863422e-05,0.01718210361067504,0.5966640502354789,0.022613814756671898,0.0,0.0289010989010989,0.0006828885400313972,0.0,0.010627943485086342,0.8905729984301413
TUMOR.1230,1230,TUMOR,6141,9013,0.5802188790126115,88.42490624376502,0,0.5823613086770981,125.09996003196804,6141,113.43735153371186,92.39025224245978,1034.98484809835,0.6813491623210918,1.4487384724385828,0.8144605898613808,0.07204120652344907,0.23633069828722003,0.0,0.022727272727272728,0.0,0.0,0.003952569169960474,0.7369894598155468,37612.0,0.02913963628629161,0.3696426672338615,0.0,0.07210464745294055,0.3862862916090609,0.021110283951930237,0.0,0.03448367542273743,0.0001595235563118154,0.0,0.007338083590343507,0.7971126236307562,98565.0,0.022797138943844164,0.3116217724344341,0.0,0.03464718713539289,0.4262364936843707,0.010602140719322275,0.0,0.030294729366407955,0.0001318926596662101,0.0,0.005539491705980825,0.7533708720133921
TUMOR.1498,1498,TUMOR,33240,92438,0.7619554656017447,205.72428749906223,-3,0.27821720025109853,421.5613834306933,33240,458.5434643688649,296.9662388617383,3884.7505755754432,0.359592375430018,1.3836996501506167,0.6476294221540808,0.02767863060772883,0.20814738873477265,0.00012061271257990592,0.006302014232300084,0.00012061271257990592,0.0,0.0009045953443492944,0.7844047762634182,127986.0,0.050888378416389296,0.2477458472020377,6.250683668526246e-05,0.02728423421311706,0.6135280421296079,0.023025955963933555,8.594690044223586e-05,0.02240870095166659,0.0012501367337052491,0.0,0.0013360836341474848,0.8916209585423406,248640.0,0.04623149935649935,0.23983268983268982,0.0004987129987129987,0.025269465894465895,0.5719313063063063,0.020813223938223938,6.837194337194337e-05,0.023222329472329474,0.0023286679536679536,0.0,0.0015685328185328184,0.836168758043758
TUMOR.1534,1534,TUMOR,4354,5464,0.7518004439637577,74.45592641138043,1,0.6340468909276249,115.16944039110375,4354,99.72208378547201,65.7558144217452,414.45079348883235,0.7968521229868228,1.1084249340464305,0.6593906978839608,0.31853146411312466,0.21082756975912234,0.0,0.0009539709038874314,0.0,0.0,0.0009539709038874314,0.7872644884331028,32190.0,0.13535259397328364,0.17303510406958683,0.0,0.011587449518484002,0.29813606710158436,0.05958372165268717,0.0,0.015812364088226158,6.213109661385524e-05,0.0,0.0011183597390493941,0.5423423423423424,89309.0,0.1649329854773875,0.20023737809179365,0.0,0.01117468564198457,0.266636061315209,0.05503364722480377,0.0,0.016504495627540337,0.00017915327682540395,0.0,0.0019258977258730923,0.5704464275716893
TUMOR.1582,1582,TUMOR,137962,344714,0.4941456362951292,419.11653996323327,-19,0.26896690211002217,778.1516561699268,145357,696.2723777607936,605.3246814092411,13833.221422923029,0.4002216330059121,1.456386909468299,0.8693791406115526,0.009059885070826671,0.12342242422924414,0.0,0.004675640997760042,0.0,0.0,0.0005799244648384548,0.8713220103081574,274602.0,0.12211491540484046,0.467254426406217,8.37575837029592e-05,0.040356588808530165,0.22833409807648888,0.04246509493740031,0.0,0.016256254506522166,8.37575837029592e-05,0.0,0.001747984355540018,0.9158782528896366,486701.0,0.13277761911317215,0.40997244714927644,5.342088880031066e-05,0.03218608550218718,0.2471620152824835,0.046225506008822664,0.0,0.01584545747799984,0.0001520440681239611,0.0,0.0016498836041019024,0.8363266153141251
TUMOR.1699,1699,TUMOR,137005,323856,0.9304669284353655,417.66036899188913,-8,0.21724480217173447,1039.2959155120354,140798,908.9984082309028,333.03510369570813,11912.967455478865,0.4230429573637666,1.3613151203456777,0.366375893159002,0.012131272838534844,0.1651185207904307,0.0009347295856519008,0.005287064218843564,0.0006864420394631147,2.92102995516219e-05,0.007959806627816968,0.8199842264382421,282181.0,0.07948090055673486,0.5198578217527048,0.0005351175309464492,0.05648502202487056,0.22542977734149358,0.025235575747481226,0.0007938167346490373,0.019625701234314147,0.0007477470134417271,1.0631474124763893e-05,0.011049645440337938,0.9214830197639104,498732.0,0.08481108090116536,0.4517035201270422,0.0005513983462059783,0.04524474066231964,0.290773401345813,0.027950883440404868,0.0006757136097142352,0.020911030373025993,0.0009123136273589824,3.60915281153004e-05,0.008653946408090918,0.8976364059254269
TUMOR.1708,1708,TUMOR,4215,5940,0.9053273472427162,73.2577960428698,0,0.4390625,121.19818480488888,4215,127.20404947349022,54.02540244675555,662.2325394193525,0.7095959595959596,1.2919165940464652,0.4247144856659193,0.12077760410894801,0.17654056626219367,0.0,0.023792529145848205,0.0035688793718772305,0.0011896264572924102,0.0,0.7949083987627885,33854.0,0.030247533526318898,0.15522537957109941,0.0001181544278371832,0.0012406214922904236,0.5853961127193241,0.017693625568618185,0.0,0.02820936964612749,0.0024812429845808472,0.0,0.0003544632835115496,0.7254091097063863,92233.0,0.017217264970238417,0.11358190669283229,4.336842561772901e-05,0.0014745264710027863,0.53356174037492,0.009996422104886537,0.0,0.018062949269784134,0.0013335790877451671,0.0,0.0003035789793241031,0.6387301724979129
TUMOR.1762,1762,TUMOR,4206,9257,0.6558767218615138,73.17954307835008,1,0.2880821917808219,151.28780519261954,4206,123.46856534879569,93.20247130182159,811.0193359837562,0.4543588635627093,1.2219571902274082,0.7548680187424781,0.08035570489727194,0.015986638033882127,0.0,0.0011930326890956812,0.0,0.0,0.0,0.9828203292770222,41736.0,0.16448629480544374,0.6033879624305156,0.0045045045045045045,0.0282729538048687,0.026236342725704426,0.0359401955146636,0.0,0.009943454092390263,0.0010542457350967988,7.18803910293272e-05,0.0009344450833812536,0.9520557791834388,106407.0,0.1755617581550086,0.6074600355239786,0.0024716419032582444,0.017339084834644337,0.10950407398009529,0.04648190438598964,0.00014096816938735234,0.011700358059150245,0.000686045091018448,6.578514571409775e-05,0.002528029171013185,0.9383969099777271
TUMOR.1860,1860,TUMOR,46239,93962,0.8193539403090064,242.6382560706559,-17,0.4184714240463369,423.51505286117043,49173,436.5021558655779,250.24144395586842,5785.31825151859,0.49210319065153996,1.4741363379997365,0.5732879908912317,0.017360562314275144,0.13077904939099583,0.0,0.007398913960582394,0.0,0.0,0.00021634251346732146,0.8616056941349545,120082.0,0.12020119584950284,0.5659549307972885,0.0,0.0050049133092386865,0.23603870688362952,0.04310387901600573,0.0,0.01259972352225979,0.0001665528555487084,0.0,0.00042470978164920635,0.9437051348245366,238574.0,0.13887514984868427,0.5375774392850855,0.00010478928969627873,0.005285571772280299,0.261969032669109,0.04847552541349854,5.449043064206494e-05,0.014951335853865048,0.00021796172256825975,0.0,0.00036466672814304996,0.935936019851283
TUMOR.1901,1901,TUMOR,15265,19322,0.8289318712004768,139.41306126178515,0,0.5375,205.44829033116824,15265,206.56246938486382,115.54063054254496,1341.613311116846,0.7900320877755926,1.240726637580681,0.5593495802341109,0.10657416913440387,0.20613690007867821,0.0,0.011867296092315762,0.0,0.0,0.002950432730133753,0.7790453710988723,49938.0,0.20267131242741,0.6790820617565781,0.0,0.08150106131603188,0.013016140013616884,0.04645760743321719,0.0,0.014317754014978574,0.0,0.0,0.003063799110897513,0.9361608394409068,122333.0,0.2511505480941365,0.5598898089640572,1.6348818389150925e-05,0.0557658195253938,0.07556423859465557,0.0611282319570353,0.0,0.012686683069981117,2.4523227583726386e-05,0.0,0.0023297066204540067,0.9238308551249459
TUMOR.1953,1953,TUMOR,14102,16444,0.8668016872201028,133.99710466967286,0,0.557898484788543,203.82345301755635,14102,199.82477906225344,99.64322968592491,1061.3107499061543,0.8575772318170761,1.2452955954885776,0.4986530206790923,0.15732779213249468,0.22874378992193045,0.0,0.0046132008516678496,0.0,0.0,0.004329311568488289,0.7623136976579135,46504.0,0.049694649922587306,0.13637536555995183,0.0,0.007891794254257699,0.7235936693617754,0.026556855324273182,0.0,0.014837433339067608,0.0010966798554963013,0.0,0.0019568209186306552,0.8880741441596421,117276.0,0.029144923087417715,0.10354207169412326,0.0,0.005568061666496129,0.6042924383505577,0.01563832327159862,0.0,0.013344588833179849,0.000741839762611276,0.0,0.0013728299055220164,0.7238565435383199
TUMOR.2005,2005,TUMOR,12420,20501,0.9551729363030004,125.75227690030395,-1,0.38028169014084506,285.68689154387187,12420,267.8084265012236,79.28425916273073,1577.862048458375,0.6058241061411639,1.3186955961496896,0.2960484111666609,0.0626892969048683,0.13966795615731786,0.006528046421663443,0.010315925209542231,0.004674403610573823,0.0012088974854932303,0.0018536428110896197,0.8357511283043197,60366.0,0.07315376205148594,0.42099857535698904,8.282808203293245e-05,0.014080773945598516,0.4664877580094755,0.03765364609217109,0.0012424212304939866,0.02175065434184806,0.0016731272570652354,0.0,0.003826657389921479,0.9338534936885001,140923.0,0.14528501380186343,0.4256083109215671,6.386466368158497e-05,0.011963980329683587,0.36840686048409416,0.05557644955046373,0.0012914854211164963,0.017073153424210383,0.0011637560937533262,0.0,0.0020862456802651095,0.9228089098301909
TUMOR.2035,2035,TUMOR,5245,9195,0.9791064616106339,81.71989606048167,1,0.4780785707775043,207.40781084616847,5245,236.71481994310898,48.13555954918103,781.2091988222396,0.5704187058183795,1.186180270607999,0.20334831406309806,0.1079992301030414,0.15681774717919297,0.0,0.01013578122011857,0.0,0.0,0.0,0.8330464716006885,44298.0,0.011377488825680617,0.3045961442954535,0.0,0.0524628651406384,0.5722831730552169,0.003837645040408145,0.0003386157388595422,0.010858278026095985,0.0002031694433157253,0.0,0.0027992234412388822,0.9261366201634386,112983.0,0.025561367639379377,0.2623934574227981,0.00018586867050795252,0.02576493808803094,0.4258074223555756,0.007779931494118584,0.0005753077896674721,0.011346839790056911,0.0004336935645185559,0.0,0.0016551162564279582,0.7196126850942177
TUMOR.2270,2270,TUMOR,15948,26568,0.9216194290298134,142.49780440216045,1,0.4288134226022425,251.6286947071021,15948,267.1443293825898,103.67734375352713,1095.9970414071697,0.6002710027100271,1.1688680031924272,0.38809486988977404,0.16683890369918325,0.20976650765754457,0.0012553351744915891,0.0045192066281697215,0.00025106703489831785,0.0,0.0027617373838814963,0.7814461461210143,60104.0,0.06695061892719287,0.4673732197524291,0.0014807666711034208,0.07581858112604818,0.331109410355384,0.028034739784373753,0.0002662052442433116,0.03831691734327166,0.002745241581259151,0.0,0.004409024357779848,0.889308531878078,142285.0,0.05626735073971255,0.48315704396106407,0.0006255051481182135,0.06862283445198018,0.30377762940577013,0.022356537934427382,0.00011245036370664512,0.03405840390765014,0.0014688828759180518,0.0,0.0051797448782373405,0.8619952911410198
TUMOR.2289,2289,TUMOR,17314,27971,0.9056684188599247,148.47514767645328,-3,0.3841665002551643,289.0155705148081,17314,280.2833315123856,118.83640257932011,2185.556528654853,0.6189982481856208,1.3903418480652854,0.42398669210219797,0.045549455473287336,0.1484307265475984,0.0,0.0033524073752962255,0.0,0.0,0.00468181029998266,0.8435350557771227,64822.0,0.06932831446113974,0.6445034093363364,0.0,0.06243250748202771,0.18192897473080127,0.018111135108450836,0.0,0.01735521890716115,0.0,0.0,0.003301348307673321,0.9524235599025023,147367.0,0.09411876471665977,0.6338461120875094,0.0,0.051904429078423256,0.13755454070449966,0.027373835390555552,0.0,0.020140194209015586,2.7143118880074913e-05,0.0,0.0031214586712086153,0.9055419462973393
TUMOR.2334,2334,TUMOR,4702,8797,0.8998794250141963,77.37423563011615,-3,0.44433944433944433,149.61617559608987,4702,156.6235114661027,68.30958451970191,784.5168106668145,0.5345003978629078,1.2316332045394145,0.4361387628222461,0.09600370208815887,0.06989482909728309,0.0,0.010955302366345312,0.0,0.0,0.0043821209465381246,0.9147677475898335,40038.0,0.04782956191617963,0.36787551825765524,0.0,0.004495729057395474,0.18807133223437733,0.012013587092262351,0.0,0.007717668215195564,0.0,0.0,0.0009990509016434388,0.6320495529247215,102952.0,0.03194692672313311,0.24436630662833164,0.0,0.002127204911026498,0.3059192633460253,0.00726552179656539,0.0,0.006682725930530733,0.00010684590877302044,0.0,0.00042738363509208177,0.5887209573393426
TUMOR.2384,2384,TUMOR,22477,37217,0.8486811916141047,169.17034387566946,1,0.40719202898550727,283.24018076537095,22477,276.6541439131343,146.32369093475134,2780.1971849821693,0.6039444339952172,1.3953415243821825,0.528904750404516,0.03654239527946667,0.20107823917305293,0.0,0.011138834432364996,0.0,0.0,0.0,0.787782926394582,71511.0,0.15701080952580723,0.2773419473927088,0.0,0.0124036861461873,0.5523765574526995,0.0730097467522479,0.0,0.024401840276321127,0.0003216288403182727,0.0,0.0006712254058816126,0.9015955587252311,159181.0,0.14406241950986612,0.2908387307530421,0.0,0.0098001645925079,0.554588801427306,0.06853833057965461,0.0,0.022634610914619206,0.0003706472506140808,0.0,0.0007664231283884384,0.9076899881267236
TUMOR.2411,2411,TUMOR,4552,7602,0.9671579593679063,76.13006244339,1,0.39699982557125413,183.44754018519845,4552,189.20242883825122,48.09073242817506,528.1909088590099,0.5987897921599579,1.1208291212196502,0.2541760839089848,0.2050360721628255,0.23940536942533835,0.0,0.005325049922343022,0.0008875083203905037,0.0,0.00044375416019525185,0.7539383181717328,40309.0,0.07851844501228014,0.37614428539532113,9.923342181646779e-05,0.009476791783472674,0.3852985685578903,0.03262298742216378,0.0,0.01845741645786301,0.0006450172418070407,0.0,0.0007442506636235084,0.7988786623334739,105306.0,0.09197006818224983,0.30936508840901755,0.00034186086262891,0.01223102197405656,0.37368241125861773,0.03276166600193721,0.0,0.01735893491349021,0.0012439936945663115,0.0,0.0007027139954038706,0.771200121550529
TUMOR.2424,2424,TUMOR,4835,6057,0.4182215854078903,78.46090235776359,1,0.6350144470711847,104.80458005259122,4835,88.80597792634876,80.66646926897974,416.2081528017131,0.7982499587254417,1.106265753405418,0.9083450365906728,0.3507399020507794,0.145123757139835,0.0,0.0025386079966151893,0.0,0.0,0.0,0.8523376348635499,32149.0,0.01150891163022178,0.23484400758966065,0.0,0.003359357989362033,0.49734050825842174,0.008398394973405082,0.0,0.017916575943264176,0.0012753118292948458,0.0,0.0,0.7236928053749728,89055.0,0.027870417157936107,0.23670765257425186,0.0,0.011083038571669193,0.46873280556959185,0.01319409353770142,0.0,0.016338217955196226,0.0012913368143282241,0.0,0.0007748020885969345,0.7145022738756948
TUMOR.2543,2543,TUMOR,8763,19036,0.9816160808468739,105.62858576405456,-1,0.16858407079646018,298.7189314389029,8763,350.1158754509306,66.82525324874776,1253.77878733769,0.4603383063668838,1.3106775595229536,0.1908661044366537,0.07005204858790108,0.172,0.0,0.02422857142857143,0.004114285714285714,0.0,0.0026285714285714285,0.7970285714285714,60684.0,0.0662942456001582,0.4476962626062883,0.0004943642475776152,0.009228132621448816,0.45758354755784064,0.029414672730868105,0.0,0.03633577219695472,0.0017632324830268275,0.0,0.0007745039878715971,0.9133873838244018,143307.0,0.06888707460207806,0.3616850537656918,0.00020934078586531013,0.009476159573503038,0.4633060492509089,0.030486996448184665,0.0,0.02583265297577927,0.0011653303746502264,0.0,0.0006698905147689924,0.8479208970950477
TUMOR.2553,2553,TUMOR,4819,9284,0.6851021344850386,78.33097322310472,1,0.319223635400106,153.95129099815955,4819,131.91385640674565,96.09225599253021,961.2274887854692,0.5190650581645843,1.3718394654492923,0.7284470230044489,0.06554120565918957,0.16170035424046678,0.0,0.01875390706397166,0.00020837674515524068,0.0,0.0,0.8193373619504063,40987.0,0.16151462658891844,0.24585844292092615,0.0,0.011637836387147145,0.580964696123161,0.07446263449386391,0.0,0.019054822260716812,0.0,0.0,9.759191938907459e-05,0.9063849513260303,104492.0,0.16310339547525168,0.25105271216935265,0.0,0.008067603261493703,0.5776518776557057,0.07785284997894576,0.0,0.019752708341308427,0.00030624354017532443,0.0,0.0003158136508058033,0.9017723844887647
TUMOR.2563,2563,TUMOR,4558,5894,0.9165584053701451,76.18021951204179,-4,0.4271790065604499,135.36986370680884,4558,135.49273845711986,54.18366122948329,709.9726547895302,0.7733288089582626,1.3018312486465327,0.3999008496431792,0.1136320760392577,0.23107394366197184,0.0,0.00022007042253521127,0.00022007042253521127,0.0,0.0019806338028169014,0.7665052816901409,34015.0,0.04368660884903719,0.30124944877260035,0.0,0.0021755108040570335,0.6528590327796561,0.02484198147875937,0.0,0.023724827282081435,0.0007349698662354843,0.0,0.0008231662501837425,0.94987505512274,92667.0,0.05445304153582181,0.32308157164902285,0.0,0.0010251761684310489,0.6213646713501031,0.03535239081873806,0.0,0.02160423883367326,0.0005287750763486463,0.0,0.0005179837482598983,0.9419966115229801
TUMOR.2610,2610,TUMOR,4789,7286,0.5424969407331894,78.08677339816708,1,0.410579561042524,113.84199576606166,4789,99.25927683724653,83.38352748179194,577.0193359837562,0.6572879494921767,1.2080817527608338,0.8400577773553021,0.18074819447700882,0.16691130215978192,0.0,0.009226252883204026,0.0,0.0,0.0,0.823862444957014,35334.0,0.23750495273674083,0.3566819493971812,0.0,0.012084677647591555,0.2107318729835286,0.06614026150449992,0.0,0.01782985226693836,0.00042452029206996094,0.0,0.0029150393388803985,0.9126903265976114,94956.0,0.2741164328741733,0.40040650406504064,0.0005476220565314462,0.02573823665697797,0.19938708454442058,0.08114284510720755,0.00020009267450187454,0.01596528918657062,0.0013479927545389445,0.0,0.00545515817852479,0.8958886220986563
TUMOR.2636,2636,TUMOR,4745,8164,0.9499562737051571,77.72722585920809,-1,0.3879486550568228,159.89058759038946,4745,175.8233406664233,54.92420556170195,1068.3635277547903,0.5812101910828026,1.3986396713030531,0.3123829029383853,0.05224057805106048,0.17471166168304145,0.0,0.009397693293464331,0.0,0.0,0.002349423323366083,0.8135412217001281,39937.0,0.019230287703132433,0.17520094148283546,0.0,0.004582216991762025,0.5552244785537221,0.01507374114229912,0.0,0.029396299171194632,0.0035305606329969702,0.0,0.0011518141072188698,0.7126974985602323,103118.0,0.014672511103784015,0.12175371904032274,0.0,0.003471750809751935,0.4749122364669602,0.010376461917415,0.0,0.020209856669058748,0.002191663919005411,0.0,0.0008436936325374813,0.5887623887197192
TUMOR.2703,2703,TUMOR,14666,25601,0.6170325217512124,136.65039759578417,-1,0.40916192389242273,217.75444886385216,15305,192.99795967656425,151.87736110187907,1531.986940139403,0.5728682473340885,1.2981910878867409,0.7869376513430651,0.0785256280516201,0.15488054607508533,0.0,0.007098976109215017,0.0,0.0,0.00027303754266211604,0.8377474402730375,60209.0,0.12127754986795994,0.7357537909614842,0.0,0.030360909498579947,0.042319254596488894,0.02702253815874703,0.0,0.01587802488000133,0.0,0.0,0.0007473965686193094,0.9563520403926323,139054.0,0.14503717980065298,0.6651013275418183,0.0,0.034540538208178116,0.06581615775166483,0.03573431904152344,0.0,0.01456987932745552,2.876580321314022e-05,0.0,0.0008917398996073467,0.9182547787190588
TUMOR.2721,2721,TUMOR,11622,24262,0.6701275313283572,121.64534511814277,-1,0.30432050274941086,205.38743875904387,11622,188.82275286628715,140.15292885698994,1745.4366876077088,0.4790206907921853,1.322218968670271,0.7422459779316838,0.04793828959680238,0.15984489444205083,0.0,0.007927617406290392,0.0006893580353295993,0.0,0.0008616975441619991,0.8306764325721672,59636.0,0.10029177007176873,0.39087128580052316,0.0,0.003102153061908914,0.505650949091153,0.05483265141860621,0.0,0.015829364813200082,0.0006204306123817828,0.0,0.00023475752900932323,0.9284827956268026,137538.0,0.09006965347758437,0.37042126539574516,0.0,0.0017667844522968198,0.5377059430848202,0.052901743518154985,0.0,0.018423999185679593,0.0008361325597289476,0.0,0.00016722651194578953,0.9276708982244907
TUMOR.2930,2930,TUMOR,32683,60498,0.9044211224819118,203.9933529323427,-4,0.4334845349885936,373.60540681312415,33271,402.8483973750954,171.87159132634585,2922.2093782909888,0.5402327349664452,1.3291513102218002,0.42664087146985674,0.04809601756901208,0.13805136367810464,0.0,0.003030395788055955,0.0,0.0,0.00036732070158254003,0.8585509198322568,94339.0,0.10845991583544451,0.47909136200298924,5.3000349802308695e-05,0.026065572032775416,0.11781977761053224,0.029065391831586088,0.0,0.014087492977453651,0.000445202938339393,0.0,0.0009222060865601713,0.9554797061660607,199184.0,0.11621415374728894,0.4144559804000321,2.5102417864888746e-05,0.03224656598923608,0.13935858301871637,0.033561932685356254,0.0,0.011160534982729536,0.00026106514579484294,0.0,0.0011647521889308378,0.9538517149971886
TUMOR.3104,3104,TUMOR,7369,11018,0.6807521679876398,96.86331712858802,0,0.4107580824972129,143.65583872575453,7369,133.83008656823648,98.03238696459353,997.2274887854693,0.6688146669086948,1.2692308226635916,0.7325138126889679,0.09311720627950633,0.15699333967649856,0.0,0.020388745412532282,0.006796248470844094,0.0,0.005980698654342803,0.8098409677857823,41683.0,0.1190893169877408,0.31509248374637144,0.0005997648921622724,0.017753040808003263,0.5386128637574071,0.04598997193100305,0.0,0.024254492239042295,0.0021831442074706714,0.0,0.0012954921670705083,0.9262768994554135,106314.0,0.11363508098651165,0.2862275899693361,0.00047971104464134543,0.009791748970032169,0.5105724551799387,0.03664616137103298,0.0,0.022160769042647254,0.0019188441785653817,0.0,0.001420320936094964,0.9378539044716594
TUMOR.3178,3178,TUMOR,26336,48891,0.8014279892679891,183.11754872252206,-2,0.3942278905454763,302.48305737677276,26336,301.5425384320729,180.3499624842524,3959.744478921033,0.5386676484424536,1.4940442955712987,0.5980912790016822,0.02110694379480169,0.189102929442608,0.0,0.00771305900680117,0.00030396291652418404,0.0,0.00015198145826209202,0.8027280671758046,83147.0,0.1063177264363116,0.3175941404981539,0.0,0.008466932060086352,0.5661779739497517,0.05216063117129902,0.0,0.023392305194414712,0.000529183253755397,0.0,0.000877963125548727,0.9230399172549821,175990.0,0.13156429342576284,0.34356497528268654,3.977498721518268e-05,0.010347178816978237,0.49724416160009094,0.05723052446161714,0.0,0.022785385533268934,0.0006477640775044036,0.0,0.0012273424626399227,0.9181089834649696
TUMOR.3209,3209,TUMOR,12273,22247,0.882085341547952,125.00587559204828,-7,0.3628488647114475,232.96351645697658,12956,238.3568291561414,112.28743317034645,1864.8752877877214,0.5516698880747966,1.3425553079975758,0.4710896413913522,0.044346669606236386,0.1348992741211973,0.0,0.0013865100725878802,0.0,0.0,0.0,0.8637142158062149,58227.0,0.12643618939667164,0.6039122743744311,0.0,0.034468545520119534,0.0,0.03002043725419479,0.0,0.007608154292682089,6.869665275559448e-05,0.0,0.0003434832637779724,0.9619592285365896,134971.0,0.1912114454216091,0.5219195234531863,0.0,0.03233287150573086,0.0049862563069103735,0.04478739877455157,0.0,0.00717932000207452,2.9635995880596572e-05,0.0,0.00045194893717909776,0.9475516962903142
TUMOR.3405,3405,TUMOR,5280,11135,0.92316924389866,81.99210203551108,1,0.285899935022742,175.57049866079439,5280,188.5315135032941,72.4703335265932,949.0853531617383,0.47418051189941623,1.338304137516143,0.3843937396987319,0.07366025945228574,0.09487666034155598,0.0,0.003795066413662239,0.0,0.0,0.0,0.9013282732447818,44911.0,0.08405513125960233,0.6973792612054953,0.0,0.018436463227271715,0.10166774286923025,0.03039344481307475,0.0,0.0142058738393712,8.906503974527398e-05,0.0,0.000133597559617911,0.9551780187481909,111483.0,0.14090040633998008,0.5735672703461514,2.6909932456069534e-05,0.031152731806643165,0.14025456796103442,0.03840047361481123,0.0,0.015778190396742105,0.0010225774333306424,0.0,0.0005471686266067472,0.9442515899285093
TUMOR.3546,3546,TUMOR,201448,459241,0.8610802179037131,506.44995785152264,-33,0.27828383713637633,994.2539916942753,209482,986.5633258070355,501.6369980700733,19945.80565572585,0.43865421423609824,1.4560703946111995,0.5084691321357608,0.006363113322621417,0.1035972080185073,5.957286257533485e-05,0.0048601527051044015,0.00016878977729678206,0.0,0.006170755681761768,0.8851435209547545,331092.0,0.06777270365940584,0.460101723992123,9.06092566416585e-06,0.05902286977637636,0.22476532202529811,0.02154084061227695,1.2081234218887801e-05,0.01730032740144733,0.00012081234218887802,0.0,0.005170768245683979,0.955855170164184,562683.0,0.08366700255739022,0.447422438566653,2.843519352814995e-05,0.05504698027130729,0.25689242433128423,0.025113607484142937,7.108798382037488e-06,0.02128196515622473,0.00023103594741621838,0.0,0.005368919978033813,0.9433020013044645
TUMOR.3593,3593,TUMOR,5227,12247,0.786193199187141,81.57955074852212,1,0.31891397193410614,180.88670487352022,5227,155.36619557924743,96.01332387392051,1273.755446740577,0.42679839960806726,1.4434217068723445,0.617980787364695,0.040484637587161136,0.04101974314740272,0.0,0.0015334483419589802,0.0,0.0,0.036036036036036036,0.9214107724746022,46737.0,0.03192331557438432,0.4963733230630978,0.0,0.1997560819051287,0.001497742687806235,0.012046130474784433,0.0,0.04407642766972634,0.0,0.0,0.045873718895093826,0.8980037229603954,113938.0,0.10039670698098967,0.4450578384735558,0.0,0.10989309975600765,0.015543541224174551,0.030858888167248855,0.0,0.045085923923537365,0.0,0.0,0.0309554319015605,0.8930997560076532
TUMOR.3935,3935,TUMOR,6741,13296,0.9692715730947391,92.64398399820537,-2,0.32647229755908563,240.14162487998618,6741,245.51468901171444,60.39492560494489,1179.3523804664972,0.5069945848375451,1.365851954051812,0.24599312508777516,0.06090416806071245,0.13726948245092208,0.0,0.005651397977394408,0.0,0.0,0.000446162998215348,0.8566329565734682,51575.0,0.09217644207464858,0.21818710615608336,0.0,0.00806592341250606,0.42945225399903053,0.04746485700436258,0.0,0.01682985942801745,9.694619486185167e-05,0.0,0.0015317498788172564,0.9340765874939408,124844.0,0.09308416904296563,0.24501778219217585,3.2039985902406205e-05,0.007665566627150684,0.4123866585498702,0.04580916984396527,0.0,0.016764922623434046,0.00033641985197526515,0.0,0.0009932395629745922,0.9360962481176508
TUMOR.3992,3992,TUMOR,8462,14376,0.6120901862936409,103.79861765721617,0,0.4478670477400233,150.41608956491322,8462,142.1191800835969,112.38613704889762,1235.3229432149742,0.5886199220923762,1.3190211014878694,0.7907879638961484,0.06968220261723725,0.17784877529286475,0.0,0.01668441604543841,0.0,0.0,0.0,0.8054668086616968,46166.0,0.09023957024650175,0.5487804878048781,0.00012996577567907117,0.006823203223151237,0.2458519256595763,0.036152146601394965,0.0,0.07115626218429147,0.0013646406446302473,0.0,0.00010830481306589265,0.7836069834943465,113167.0,0.07427960447833733,0.4989086924633506,5.301898963478753e-05,0.008315144874389177,0.24640575432767503,0.02902789682504617,0.0,0.058276706106903955,0.0009631783116986401,0.0,0.00032695043608118977,0.7402334602843585
TUMOR.4048,4048,TUMOR,8580,11123,0.9346672744676765,104.51983205989042,1,0.6251366120218579,183.88311504866346,8580,182.9334833757182,65.03718494727504,638.2325394193525,0.7713746291468129,1.1689101102564117,0.3555236785914054,0.2646910563691647,0.1708143474704989,0.0,0.006659656501927795,0.0,0.0,0.0012851968687930832,0.8212407991587802,42613.0,0.1068218618731373,0.45420411611480066,0.0,0.06427615985732053,0.3737357144533358,0.038063501748292775,0.0,0.0186562786004271,0.0003050712223969211,0.0,0.0020650975054560816,0.9409100509234272,109438.0,0.1028710319998538,0.4768087867102834,0.0,0.06317732414700561,0.33620862954366854,0.0342751146768033,0.0,0.028472742557429778,0.0003837789433286427,0.0,0.0015259781794257936,0.9353423856430125
TUMOR.4068,4068,TUMOR,4436,9974,0.8426812228056997,75.15377981475837,1,0.2561792561792562,152.64337522473747,4436,159.90245028365024,86.09352799274097,780.9371208835975,0.4447563665530379,1.2180140272619542,0.5384128125617841,0.0914048557384076,0.13062146892655369,0.0,0.005423728813559322,0.0,0.0,0.0031638418079096044,0.8607909604519774,42634.0,0.14507200825632124,0.3640052540226111,0.0,0.019772951165736265,0.18011446263545527,0.04925646197870245,0.0,0.01029694609935732,0.0001876436646807712,0.0,0.002110991227658676,0.9381479570296007,107548.0,0.15119760479041916,0.3460408375794994,0.0,0.02303157659835608,0.20196563394949232,0.05451519321605237,0.0,0.011780786253579797,0.00040911964890095586,0.0,0.0023710343288578122,0.9309238665526091
TUMOR.4069,4069,TUMOR,7720,12994,0.7980549998110716,99.14337741551604,1,0.43239610171390164,159.9656213065795,7720,164.37210781015185,99.04810317083779,1069.511760032931,0.5941203632445744,1.3453427400694646,0.6025846142049682,0.08481175219492154,0.20116807268007786,0.0,0.010902011680726801,0.0,0.0,0.0025957170668397143,0.7853341985723556,44850.0,0.14329988851727982,0.48185061315496097,0.0,0.0043924191750278705,0.3474247491638796,0.06214046822742475,0.0,0.018617614269788182,0.00026755852842809364,0.0,0.0014492753623188406,0.9175250836120401,111302.0,0.15589117895455606,0.3871718387809743,0.0,0.006226303211083359,0.3319347361233401,0.06645882374081329,0.0,0.0162890154714201,0.00030547519361736534,0.0,0.0015722987906776158,0.9153743868034716
TUMOR.4083,4083,TUMOR,7518,12658,0.9710607697145962,97.83769670898306,1,0.48859426788847726,223.32263655975405,7518,243.41097961672995,58.1344621988247,1056.848809129029,0.5939326907884341,1.2226359063003642,0.23883253865689238,0.08458365750386714,0.10777644391089769,0.0,0.018674136321195144,0.000533546752034147,0.0,0.004668534080298786,0.8683473389355743,48899.0,0.0752162620912493,0.5679461747684001,0.0003885560031902493,0.037342276938178695,0.19192621526002576,0.02188183807439825,0.0,0.016912411296754536,0.0006339597946788278,0.0,0.003926460663817256,0.9152129900406961,120047.0,0.10432580572609061,0.4369955100918807,0.00016660141444600865,0.04021758144726649,0.19184152873457896,0.0230909560422168,0.0,0.013194832024123885,0.0003915133239481203,0.0,0.0073971028014027836,0.8087665664281489
TUMOR.4193,4193,TUMOR,16467,37318,0.9228780612849748,144.79791291021402,-2,0.27308457711442785,348.3231258472512,16467,343.8175342379656,132.40148703976016,2652.120020515894,0.44126158958143524,1.3455049185912864,0.3850923058162631,0.029419683860943784,0.1649246475449684,0.0,0.008629071463296062,0.00024307243558580456,0.0,0.00267379679144385,0.8235294117647058,77599.0,0.11770770241884561,0.2612404799030915,0.0,0.015876493253779045,0.2827227154989111,0.041160324230982356,0.0,0.015554324153661774,0.00012886764004690782,0.0,0.007680511346795706,0.9354759726285132,169950.0,0.11798175934098264,0.2571344513092086,1.1768167107972933e-05,0.024819064430714917,0.28619593998234777,0.03953515739923507,0.0,0.013492203589290968,0.00037658134745513386,0.0,0.006172403648131803,0.940423654015887
TUMOR.4300,4300,TUMOR,4623,9261,0.8868762065830477,76.72148600822756,1,0.2815126050420168,161.40012391568973,4623,159.04891512635945,73.48173384439202,811.2274887854693,0.49919015225137675,1.3365834817370963,0.462007136521573,0.08827717781171332,0.1099544567338972,0.0,0.004771199306007373,0.0,0.0,0.00043374539145521576,0.8848405985686402,41596.0,0.06142417540148091,0.2675497644004231,0.0,0.009928839311472258,0.29962015578421003,0.02692566592941629,0.0,0.010986633330127896,0.0,0.0,0.0003365708241177036,0.9617511299163382,106371.0,0.08193962640193286,0.2478965131473804,0.0,0.011826531667465756,0.32695001457164075,0.039240018426074774,0.0,0.01198634966297205,6.580740991435635e-05,0.0,0.00031963599101258804,0.9483881885100263
TUMOR.4389,4389,TUMOR,9805,15613,0.6406983376163011,111.7323307558214,0,0.44467120181405895,168.58232410309213,11029,171.11644291338786,131.38195683347553,1429.9036790187179,0.628002305770832,1.3606120989468438,0.7677927065137492,0.06026204908985548,0.13877259266823241,0.0,0.003369753905851118,0.0,0.0,0.0005105687736138058,0.8573470846523027,47584.0,0.13061112979152656,0.6152278076664425,0.0,0.08769754539340954,0.1448386012104909,0.04234616677874916,0.0,0.023978648285137863,0.0,0.0,0.00304724277067922,0.9281691324815063,115646.0,0.21823495840755408,0.5377531432129083,0.0,0.07855005793542362,0.14796880134202653,0.06945333171921207,0.0,0.023251993151514102,3.458831260916936e-05,0.0,0.002066651678397869,0.8990713038064438
TUMOR.4393,4393,TUMOR,39480,110701,0.9580058391526115,224.20414185769232,-9,0.24718256949661907,660.07575322837,39480,663.1456561819188,190.15614926795172,5736.524312279249,0.3566363447484666,1.3303152589132665,0.2867486916264845,0.015076111160093381,0.0852379263163229,0.0,0.016317843206810925,0.00032939745603810874,0.0,0.022399027010591394,0.8757158060102367,162640.0,0.07769921298573537,0.43959050664043287,6.76340383669454e-05,0.03328209542547959,0.17700442695523858,0.0154513034923758,0.0,0.028596901131333004,0.0007009345794392523,0.0,0.008773979340875553,0.9464768814559764,303665.0,0.11465595310621902,0.41253025538010635,0.0001251378986712331,0.039276834669784134,0.2183195297449492,0.020871684257323036,0.0,0.024312976470781948,0.0006948446478850049,0.0,0.006194325984226039,0.947926168639784
TUMOR.4470,4470,TUMOR,36540,83704,0.48589474959407825,215.69462896563476,-2,0.29863676485010954,441.77935669290844,37203,325.67777257200134,284.64801707031563,3550.240907583565,0.43653827774060977,1.3001835724445845,0.8740173295289447,0.03643030098396115,0.1019709827539009,0.0,0.0022173555981385164,0.0,0.0,0.0028196003284971256,0.8929920613194634,111696.0,0.07496239793725827,0.32582187365706916,0.0,0.08460464116888698,0.13329035954734278,0.027225683999427017,0.0,0.006043188654920499,9.848159289500072e-05,0.0,0.0029186362985245667,0.9637140094542329,230884.0,0.09107603818367666,0.2919128220231805,0.0,0.0530786022418184,0.15564959027043884,0.033228807539716916,0.0,0.009966043554338975,0.00010827948233745083,0.0,0.001966355399248107,0.9539119211378875
TUMOR.4570,4570,TUMOR,12165,25879,0.936826095883509,124.45464660551352,-4,0.2457277905708399,307.6897788357618,12165,304.936787613931,106.66550486854841,1873.4610742253485,0.47007225936087177,1.3914768096738688,0.34979546319479693,0.04355445956994907,0.06300444737275572,0.0,0.007988799209355954,0.0,0.0,0.02413111513753912,0.9048756382803492,66379.0,0.14106871149007968,0.49176697449494566,6.026002199490803e-05,0.05641844559273264,0.04951867307431567,0.021467632835685986,0.0,0.012398499525452326,3.0130010997454013e-05,0.0,0.008617183145271849,0.9574865544825923,151014.0,0.1529195968585694,0.41874263313335186,0.00011257234428596025,0.046081820228588075,0.09877892115962758,0.026302197147284358,0.0,0.01192604659170673,0.0002119008833618075,0.0,0.011330075357251645,0.9502297800203955
TUMOR.4572,4572,TUMOR,13633,25676,0.2875886275529398,131.7500463505591,-3,0.39467894157836836,204.79501947068928,13633,164.2562917160502,157.31712528567581,1677.4123009900695,0.5309627667861038,1.315371112297315,0.9577540296455119,0.060886589995848214,0.04433678338104676,0.0,0.003156426631432137,0.0,0.0,0.019892828305072306,0.9326139616824488,60120.0,0.03632734530938124,0.24125083166999334,0.0,0.10691949434464404,0.0,0.006986027944111776,0.0,0.04035262807717897,0.0,0.0,0.014404524284763806,0.9382568196939455,138159.0,0.07703443134359687,0.29468221397085964,0.0,0.08681301978155603,0.03262907230075493,0.017812809878473352,0.0,0.03907816356516767,0.0,0.0,0.013882555606221817,0.9292264709501371
TUMOR.4599,4599,TUMOR,175560,326428,0.7461965576979002,472.7895244965831,-2,0.3977416899264146,826.6196223173026,175560,724.6011437421514,482.38559800006243,5231.92737855333,0.5378215104096462,1.2300526346180398,0.6657256922185025,0.08059572788213087,0.2825127179715049,0.0,0.0024154176564751993,0.0,0.0,0.00018799241194264522,0.7148838719600773,234667.0,0.11402540621391163,0.36838584036102223,0.0007329535043274087,0.04460362982438945,0.4136286738229065,0.034338019406222435,0.0,0.01950423365875901,0.0011889187657403897,0.0,0.0032301090481405568,0.9417387191211376,437977.0,0.14088639357774496,0.38348132436178156,0.0005068759318411697,0.040643686768939924,0.3435134721686299,0.04362329528719545,0.0,0.020277320498564993,0.000942971891218032,0.0,0.002255826219185026,0.9323982766218317
TUMOR.4674,4674,TUMOR,5664,15680,0.9364992571705375,84.92130934800736,0,0.1740145626593751,285.2823163114041,5664,240.079165824808,84.1884557901562,1049.126983722081,0.36122448979591837,1.2170989966487573,0.35066956143787464,0.06466614833034304,0.07455285992562423,0.0,0.0054896405170887196,0.0,0.0,0.0030104480255002657,0.9169470515317868,57151.0,0.07513429336319574,0.3814631415023359,0.0,0.01907228219978653,0.12005039281902329,0.011968294518031181,0.0,0.009151195954576473,0.0,0.0,0.0030970586691396475,0.9757834508582527,136948.0,0.1408271752782078,0.40529251978853287,0.0,0.04463738061161901,0.11484651108449923,0.027061366358033707,0.0,0.009237082688319654,8.032245815930134e-05,0.0,0.005352396530069807,0.9582688319654176
TUMOR.4698,4698,TUMOR,13322,39558,0.863360375819902,130.23861645058213,0,0.2144213745372606,292.0273959751037,13322,347.0927885954709,175.13879125541467,1417.033621333629,0.3367713231204813,1.1776404156463463,0.5045878134320305,0.08337176274699123,0.19444018992188697,0.0,0.005207535610353806,0.0,0.0,0.002374023587073059,0.7979782508806862,76129.0,0.05861104178433974,0.2747441842136374,0.0,0.04150849216461532,0.33079378423465433,0.01919110982674145,0.0,0.011244072561047695,3.940679635881202e-05,0.0,0.000840678322321323,0.6770613038395356,171194.0,0.08612451370959262,0.2845952545065832,0.0,0.042746825239202306,0.26012593899318903,0.03114595137680059,0.0,0.009597298970758322,1.7523978644111358e-05,0.0,0.0005666086428262673,0.6344614881362665
TUMOR.4719,4719,TUMOR,9711,18620,0.7797081058856379,111.19545502817624,1,0.34667285449093244,188.76705220985997,9711,190.32334208987865,119.16966078349012,1372.732106143464,0.5215359828141783,1.359568877478859,0.6261431702224587,0.06475931339714595,0.22061855670103092,0.0,0.002061855670103093,0.0003092783505154639,0.0,0.00010309278350515464,0.7769072164948454,52639.0,0.07868690514637436,0.2701419099906913,0.0,0.0019187294591462604,0.3830619882596554,0.0363798704382682,0.0,0.0060791428408594386,3.799464275537149e-05,0.0,1.8997321377685746e-05,0.9574839947567393,125165.0,0.07746574521631447,0.254496065193944,0.0,0.0032437182918547518,0.3888786801422123,0.03118283865297807,0.0,0.009076019654056645,0.00022370470978308633,0.0,0.0012543442655694483,0.9582630927176128
TUMOR.4758,4758,TUMOR,5715,9612,0.8488269754121708,85.30277837304864,1,0.45014177693761814,149.83324063771698,5715,144.13527855388455,76.20010634714636,844.2569260369921,0.5945692883895131,1.2179608003599551,0.5286707536951766,0.1007573726852124,0.19161991584852736,0.0,0.01332398316970547,0.0,0.0,0.0017531556802244039,0.7933029453015428,40867.0,0.07668779210610027,0.5496855653705924,0.0,0.05664717253529743,0.09540705214476228,0.027479384344336506,0.0,0.04367827342354467,0.0,0.0,0.0008809063547605648,0.9279614358773582,105147.0,0.09633180214366553,0.42666932960521936,0.0,0.0407810018355255,0.142885674341636,0.03130854898380363,0.0,0.028835820327731652,7.608395864836847e-05,0.0,0.0006752451330042702,0.9391043015968121
TUMOR.4789,4789,TUMOR,4528,8282,0.9710708891323209,75.92910284311817,1,0.40035366931918653,176.40011337864837,4528,203.20984824120222,48.52476226856887,677.9249275747777,0.546727843516059,1.2897976318633482,0.2387913907153351,0.12380924505399456,0.20691949434464404,0.0,0.006209802616988246,0.00044355732978487467,0.0,0.0,0.7864271457085829,41258.0,0.08645596005623152,0.3169324737020699,0.0,0.0032236172378690194,0.5933879490038295,0.04517911677735227,0.0,0.015924184400601095,0.00033932813030200206,0.0,0.0,0.9385573706917446,106325.0,0.08737361862214907,0.33152127909710793,3.762050317422995e-05,0.006132142017399483,0.5561344932988479,0.04632024453327063,0.0,0.013308252997883846,0.0003291794027745121,0.0,0.00014107688690336235,0.9399012461791676
TUMOR.4958,4958,TUMOR,7994,13865,0.7348212602659943,100.88744679400352,1,0.3657744223289865,165.85837331892532,7994,148.67173311392486,100.83820892906363,1075.4823227814081,0.5765596826541651,1.2512373593120392,0.6782608019494389,0.08684952649067432,0.11775021921583365,0.0,0.0031316547663785546,0.0,0.0,0.008518100964549668,0.8706000250532381,46127.0,0.1752119149305179,0.2022026145207796,0.0,0.04702235133435949,0.24972358922106358,0.0571248943135257,0.0,0.010362694300518135,0.0002167927677932664,0.0,0.014438398335031544,0.9178572202831313,114025.0,0.22176715632536725,0.20591098443323833,0.0,0.06278447708835781,0.25358474018855515,0.06632755974566981,0.0,0.010067967550975663,9.647007235255426e-05,0.0,0.01054154790616093,0.9129664547248411
TUMOR.4988,4988,TUMOR,8006,13667,0.6499141815489035,100.96314077498636,0,0.38490384615384615,168.43990026119107,8006,156.34721258110548,118.82507026988966,1443.6955262170047,0.5857905904734031,1.2923213246678575,0.7600076030025088,0.04826965874353164,0.13962934755013964,0.0,0.012312769738512313,0.00012693577050012695,0.0,0.010408733181010408,0.8375222137598375,47057.0,0.021420830057164716,0.15676732473383342,0.0001062541173470472,0.006694009392863974,0.39522281488407673,0.009584121384703657,0.0,0.010752916675521177,0.0007225279979599209,0.0,0.005163950103066494,0.555305268079138,115166.0,0.009942170432245628,0.09232759668652206,4.3415591407186146e-05,0.004185263011652745,0.364022367712693,0.004549953979473108,0.0,0.005244603441988086,0.00038205720438323814,0.0,0.0032561693555389613,0.45778267891565216
TUMOR.5020,5020,TUMOR,6597,10213,0.7233726415273649,91.64912043559322,0,0.49947001817080555,156.40012787718558,6597,134.2037188973583,92.6620091576935,1088.9787514439402,0.6459414471751689,1.4124321941509732,0.6904578346935621,0.06990649641834154,0.09654534238124614,0.0,0.024367674275138803,0.001850709438618137,0.0,0.0046267735965453425,0.8726095003084515,41001.0,0.07787614936221068,0.25299382941879467,0.00021950684129655375,0.017975171337284455,0.34743055047437865,0.02168239799029292,0.0,0.021389722201897516,0.0016341064852076778,0.0,0.013219189775859126,0.6553010902173118,104966.0,0.07679629594344836,0.23546672255778062,0.00013337652192138406,0.016319570146523635,0.35718232570546654,0.01859649791361012,0.0,0.016843549339786216,0.0013147114303679287,0.0,0.011451327096393118,0.6661109311586609
TUMOR.5037,5037,TUMOR,135329,227639,0.8437955721084148,415.09786117187457,-19,0.4669061074654467,737.392704059377,136597,641.9891399128994,344.5329284727242,7803.0707396663365,0.5944895206884585,1.3477282653614806,0.5366647300598699,0.02792991721949399,0.11897037195793395,0.0,0.003517821906570789,1.4780764313322641e-05,0.0,0.0037247526069573056,0.8737722727642246,194012.0,0.07413974393336495,0.2355988289384162,2.06172814052739e-05,0.04557965486670928,0.38430097107395417,0.025261324041811847,0.0,0.01122610972517164,0.0001700925715935097,0.0,0.004164690843865328,0.9591777828175577,361717.0,0.09604746251904113,0.2266495630562014,1.1058368835304948e-05,0.03870429092356732,0.3605885263894149,0.032351258027684626,0.0,0.0101681701440629,0.00017693390136487916,0.0,0.0038068434715537286,0.9534967944553339
TUMOR.5054,5054,TUMOR,6891,10668,0.8708371599406867,93.66906481208194,-1,0.4330693815987934,154.5736070614903,6891,157.52314676099468,77.43390576137618,882.8843430349616,0.6459505061867267,1.317314076208726,0.4915716029902857,0.1110924343802294,0.14175407925407926,0.0,0.004079254079254079,0.0005827505827505828,0.0,0.0005827505827505828,0.8530011655011654,41459.0,0.1835307170939965,0.28507682288526015,0.0,0.04734798234400251,0.48240430304638315,0.062278395523288066,0.0,0.014520369521696134,0.00021708193637087243,0.0,0.002170819363708724,0.9208133336549362,105894.0,0.2361701323965475,0.28186677243281016,0.0,0.04288250514665609,0.34784784784784784,0.0633558086388275,0.0,0.010850473114624058,0.00016053789638695298,0.0,0.0031068804653710314,0.9225262998847904
TUMOR.5170,5170,TUMOR,4770,7237,0.8296807769999256,77.93171773024592,1,0.38498789346246975,121.51131634543344,4770,119.11876937310137,66.4966389017332,630.6761902332486,0.6591128920823546,1.2489505897738826,0.5582381286483391,0.15070073556195684,0.12836134453781511,0.0,0.014495798319327732,0.0008403361344537816,0.0,0.005042016806722689,0.8512605042016806,35487.0,0.10392538112548257,0.3836616225660101,0.0,0.011666243976667512,0.45599797108800405,0.02414968861836729,0.0,0.023586101952827798,0.000760841998478316,0.0,0.010398173979203652,0.9261983261476033,95160.0,0.14009037410676756,0.31628835645229086,5.2543085329970576e-05,0.01989281210592686,0.32299285414039514,0.026796973518284993,0.0,0.02211013030685162,0.0008091635140815469,0.0,0.012431693989071037,0.8557482135350988
TUMOR.5298,5298,TUMOR,151739,313235,0.8969714702677062,439.5453278998298,-9,0.27329625480441916,899.3025075023421,153611,859.3868537781683,379.9249864908894,6777.43304193185,0.4844254313853816,1.2269877159177356,0.44208843179367346,0.04151228223342798,0.22708895323145517,0.0,0.004524498908448149,0.0007123117815049565,0.0,0.0006529524663795434,0.7670212836122122,209061.0,0.06479448581992815,0.3532940146655761,0.0006600944222021324,0.010312779523679691,0.5279559554388432,0.02753741730882374,0.0,0.02007069706927643,0.00046876270562180416,0.0,0.00055964527099746,0.9108489866593961,413259.0,0.12294953043974843,0.319354206441965,0.0003339310214659572,0.0178749888084712,0.45737660885788334,0.0462736443731413,0.0,0.018208919829937158,0.00027343627120038523,0.0,0.0006606026729000457,0.8570654238625172
TUMOR.5547,5547,TUMOR,8482,9660,0.6272636156520062,103.9212096659948,1,0.6534668721109399,128.80993750483694,8482,120.82647065602194,94.10050215848892,488.6761902332485,0.8780538302277433,1.1763531596572732,0.7788070084938709,0.4463399632283806,0.2505608690518361,0.0,0.001298854646357303,0.0,0.0,0.0,0.7481402763018066,36682.0,0.12701052287225342,0.3413118150591571,0.0,0.017883430565399924,0.45700888719262855,0.03917452701597514,0.0,0.023771877214982827,0.00010904530832560929,0.0,5.4522654162804645e-05,0.9040946513276267,98378.0,0.13000874179186403,0.4278192278761512,0.0,0.013336315029783082,0.34550407611457845,0.03813860822541625,0.0,0.027374006383541035,0.00023379210799162413,0.0,0.00028461647929415115,0.9056089776169469
TUMOR.5551,5551,TUMOR,4390,7744,0.748041725359535,74.76310320865075,0,0.37939676778152276,134.80726983364065,4390,126.28187437885089,83.80718044023979,733.5756851698602,0.5668904958677686,1.2601885902338283,0.6636516986500751,0.10251431837672004,0.1372055796935742,0.0,0.007088954950834668,0.000228675966155957,0.0,0.000457351932311914,0.8550194374571233,38220.0,0.08537414965986395,0.2637100994243851,0.0,0.12006802721088436,0.3328623757195186,0.03874934589220304,0.0,0.01271585557299843,0.0003139717425431711,0.0,0.015515436944008372,0.932705389848247,99787.0,0.09069317646587231,0.23119243989698057,0.0,0.09675609047270686,0.30889795263912134,0.03718921302374057,0.0,0.008999168228326335,0.00028059767304358283,0.0,0.012566767214166174,0.9409642538607234
TUMOR.5621,5621,TUMOR,7627,13228,0.8446029366177625,98.54439612527486,0,0.4177804557405784,167.83622970026465,7627,170.47161953475634,91.2693460272832,1212.6244584051392,0.5765799818566677,1.3601278579643195,0.5353932007941937,0.06517949077696979,0.15091363218088602,0.0,0.008807677139476798,0.0,0.0,0.0023662416195609306,0.8379124490600762,45574.0,0.10931671567121605,0.5308728661078685,0.0,0.05371483740729363,0.2967481458726467,0.039123184271733884,0.0,0.01957256330363804,0.0004169043753017071,0.0,0.0016456751656646334,0.9392416728836618,112743.0,0.0994651552646284,0.44118925343480303,0.0,0.051125125284940086,0.30809895071090887,0.03527491728976522,0.0,0.018422429773910575,0.00023948271733056597,0.0,0.0022174325678756108,0.943845737651118
TUMOR.5658,5658,TUMOR,7361,11198,0.9363721663678011,96.81072403817427,0,0.3498241612014067,181.34221791960084,7361,185.48016685550238,65.10516772010358,965.5706345359768,0.6573495267011966,1.284383158997214,0.35100878343949043,0.09921528475528969,0.07437678790355537,0.0,0.002043318348998774,0.0,0.0,0.006129955046996322,0.9174499387004496,43769.0,0.09949964586808015,0.32210011652082526,0.0,0.06454339829559734,0.09972811807443624,0.02837624802942722,0.0,0.009710068770134113,0.00038840275080536453,0.0,0.003427083095341452,0.9580981973542918,110677.0,0.12385590502091672,0.3583129286120874,0.0,0.03198496525926796,0.13186118163665442,0.033819131346169484,0.0,0.01589309431950631,0.00015360011565185178,0.0,0.002213648725570805,0.9479205254931016
TUMOR.5844,5844,TUMOR,17310,34399,0.826868742323515,148.45799580812638,0,0.3369080752836762,283.38313287844073,23925,296.14196474770193,166.54874629518065,1789.0580079512683,0.5032123026832175,1.2113177436668694,0.5623949528297072,0.06796073816987555,0.1639401121452107,0.0,0.0017920110989074513,0.0,0.0,0.0004046476674952309,0.8338632290883866,72400.0,0.05464088397790055,0.32643646408839777,0.0,0.025635359116022098,0.5896132596685083,0.019958563535911602,0.0,0.01701657458563536,0.00022099447513812155,0.0,0.0005662983425414364,0.9622375690607735,159258.0,0.1191337326853282,0.3319330897035,0.00020721094073767094,0.039790779741049116,0.49947883308844765,0.0417938188348466,0.0,0.016558037900764797,0.0004583757173893933,0.0,0.0012621030026749049,0.9376860189127076
TUMOR.6089,6089,TUMOR,4705,7547,0.909033240399323,77.39891509561966,1,0.41235758106923753,165.0605949341029,4705,147.02877436609992,61.270361754321904,686.3746750430836,0.6234265270968596,1.2234482160120488,0.4167236108610919,0.12550094314606747,0.12292288027268854,0.0,0.02748189177673626,0.0006391137622496804,0.0,0.0,0.8489561141883255,38989.0,0.13760291364230937,0.5430762522762831,0.0,0.02829003052142912,0.29100515530021287,0.040626843468670654,0.0,0.020159532175741877,0.00025648259765574904,0.0,0.00020518607812459923,0.9387519556798071,101742.0,0.16910420475319926,0.5214169173006231,9.8287826069863e-06,0.02246859703957068,0.2866466159501484,0.05081480607811916,0.0,0.022665172691710405,0.00038332252167246566,0.0,0.00035383617385150676,0.9257828625346465
TUMOR.6184,6184,TUMOR,105291,318331,0.9466230342199441,366.14295692353556,-15,0.2053176553176553,1221.9828149364457,106564,1138.2783117168726,366.91573055391603,12770.787873376898,0.33075949247795533,1.430944940005792,0.3223427230204313,0.008112705894921534,0.11913830605712332,0.00016147263038914905,0.004996153152040729,0.001025826122472241,9.49839002289112e-05,0.0035998898186757346,0.87098336831907,308494.0,0.08269528742860477,0.38647104968005863,0.002126459509747353,0.08097726373932718,0.2194207991079243,0.026833585094037486,9.724662392137286e-06,0.014525404059722394,0.001089162187919376,2.917398717641186e-05,0.0059644596005108685,0.951529041083457,547719.0,0.09381635473664415,0.36661682359019865,0.0011976944382064525,0.0774101318376759,0.2797839768202308,0.03141391845088449,5.4772611503343865e-06,0.01617070066950389,0.0007832483444978173,1.643178345100316e-05,0.005060989302908973,0.9374186398499961
TUMOR.6235,6235,TUMOR,5821,10221,0.9528864323627086,86.090228190564,1,0.4463957055214724,165.32694880145826,5821,202.15572042051687,61.319347553038874,912.4934700697014,0.5695137462087858,1.3762192460439773,0.30332729356104604,0.08785124747042079,0.133379286575909,0.0,0.010684128898845425,0.0,0.0,0.0,0.8559365845252456,42679.0,0.14646547482368377,0.3346376438060873,0.0,0.016588954755266058,0.49811382647203545,0.0678553855526137,0.0,0.013074345696946977,0.000796644719885658,0.0,0.001194967079828487,0.9170786569507252,108719.0,0.1552534515586052,0.32320937462633026,0.0,0.013686660105409358,0.5061120871236858,0.07186416357766352,0.0,0.013143976673810466,0.0006530597227715487,0.0,0.0017108325131761698,0.9126279675125784
TUMOR.6264,6264,TUMOR,22616,39206,0.919672049216321,169.69262076982147,-3,0.37709674192149933,336.8679266418814,23244,323.0104055887143,126.8420866372998,2507.8885271170675,0.5768504820690711,1.3252485697372036,0.3926873080330622,0.045186551873254155,0.07754921477549215,0.0,0.00831674408316744,0.0,0.0,0.005220084052200841,0.9089139570891396,76850.0,0.16841899804814575,0.33410540013012363,0.0,0.024931685100845802,0.051086532205595316,0.032023422251138585,0.0,0.028510084580351334,0.0,0.0,0.001704619388418998,0.9377618737800911,169309.0,0.1985068720505112,0.37984986031457274,2.3625442238746906e-05,0.02145190155278219,0.10883059967278763,0.044368580524366694,0.0,0.02713972677176051,0.00013584629287279471,0.0,0.0022621360943600164,0.92609371031664
TUMOR.6348,6348,TUMOR,1680932,4565326,0.9218843434720462,1462.9521845948234,-191,0.2768973133943828,3357.1598115073402,1834196,3622.61123756665,1403.6356757259252,112304.7031254884,0.36819539283722563,1.4927129519387976,0.3874651690940935,0.0016748045060949737,0.18954118389559046,5.537230432142134e-05,0.004158876835323958,9.466877835597842e-05,0.0,0.000845469592864713,0.8053044285935435,1552864.0,0.07558163496610135,0.4726659900673852,1.2879427947328292e-06,0.051194438147835225,0.22329386217981742,0.03098790364127187,6.439713973664146e-06,0.017266161106188307,0.00020993467554145115,0.0,0.0021946545222247408,0.9080859624538916,2373101.0,0.09661662103719985,0.41493640599367665,8.427791316088105e-07,0.05625255730792748,0.21667514362009876,0.03665457138149619,2.6547542645677533e-05,0.015705189117530185,0.00023471398815305374,0.0,0.0025384507444057374,0.88567448245987
TUMOR.6470,6470,TUMOR,5811,10283,0.6091621199478908,86.01624843281664,-1,0.39557522123893807,145.96232390586277,5811,127.24194456617683,100.90867935097133,1057.2691193458118,0.5651074589127687,1.3790168182546634,0.7930457184933234,0.06532653817179832,0.1096551724137931,0.0,0.019137931034482757,0.0,0.0,0.0,0.8712068965517241,41192.0,0.06428432705379686,0.7326665371916877,2.4276558555059236e-05,0.032409205671004075,0.1706156535249563,0.013886191493493882,0.0,0.028670615653524956,0.0007040201980967178,0.0,0.0005826374053214216,0.956156535249563,104372.0,0.07135055378837236,0.6410531560188556,0.00012455447821254742,0.03133982294101866,0.22602805350093894,0.018366994979496416,5.748668225194497e-05,0.025830682558540603,0.00038324454834629977,0.0,0.0008335568926532021,0.9448702717203847
TUMOR.6542,6542,TUMOR,10012,16689,0.5541546767489898,112.90559916092934,-1,0.4783564261825131,178.73443988218946,10012,153.166916880925,127.49824241712436,1406.927019615831,0.5999161124093715,1.3793322429943558,0.8324137157911459,0.06356053799274146,0.18153630726145228,0.0,0.01270254050810162,0.0,0.0,0.0,0.8057611522304461,49790.0,0.2343442458324965,0.5034946776461137,0.0,0.03420365535248042,0.106266318537859,0.07423177344848363,0.0,0.015304277967463345,0.00016067483430407713,0.0,0.00046194014862422175,0.9098413336011247,120370.0,0.20253385395031984,0.4175708232948409,0.0,0.025662540500124616,0.13889673506687714,0.0635125031153942,0.0,0.013225886848882613,0.00016615435739802275,0.0,0.0004403090471047603,0.9226551466312204
TUMOR.6546,6546,TUMOR,7073,12128,0.9677691034162399,94.89796256986662,0,0.32264391935042425,232.59621665022843,7073,231.82398502616235,58.38235764000565,877.7066735052979,0.5831959102902374,1.2426364258862161,0.25183915992737743,0.11537579888505466,0.16980597649058207,0.0,0.00991360997025917,0.0,0.0,0.001132983996601048,0.8191474295425577,48407.0,0.10738116388125685,0.438345693804615,2.0658169273039024e-05,0.02299254240089243,0.20247071704505545,0.028239717396244344,0.0,0.017642076559175327,0.00012394901563823413,0.0,0.0011568574792901853,0.952837399549652,120042.0,0.18440212592259375,0.39526165841955313,1.6660835374285666e-05,0.043026607354092736,0.12272371336698822,0.046933573249362724,0.0,0.016002732377001384,0.00013328668299428533,0.0,0.000699755085719998,0.9362306526049217
TUMOR.6621,6621,TUMOR,4277,6018,0.8106356394835819,73.79461723481118,1,0.4958840579710145,115.43396380615195,4277,112.04695336162146,65.60919471881115,673.747258045114,0.7107012296444001,1.2468132246946255,0.5855509029956698,0.11840092431479056,0.07349081364829396,0.0,0.02099737532808399,0.0,0.0,0.03824521934758155,0.8672665916760405,33384.0,0.1277558111670261,0.5457105200095854,0.00023963575365444525,0.028846153846153848,0.1069973640067098,0.028696381500119817,0.0,0.03432782171099928,0.00029954469206805657,0.0,0.02902588066139468,0.7673436376707404,91145.0,0.10760875528004828,0.5232651269954468,8.777223106039827e-05,0.025388117834220198,0.1571122935981129,0.029645071040649514,0.0,0.03356190685171979,0.00016457293323824675,0.0,0.022809808546821,0.7733501563442866
TUMOR.6667,6667,TUMOR,14207,23148,0.8134323771443607,134.49503415387667,0,0.46832146624472576,239.80408670412604,14207,210.31896610443758,122.33402355711492,1375.0924958366745,0.6137463279764991,1.2846280529153355,0.581659494733194,0.0944166137469297,0.11248855391984222,0.0,0.018877227583292244,0.0,0.0,0.004648869479467493,0.8639853490173981,57033.0,0.1335542580611225,0.5722476460996265,0.0,0.00268265740886855,0.08544176178703558,0.024740062770676627,0.0,0.04572791191064822,0.0,0.0,0.0004558764224221065,0.929076148896253,134558.0,0.15715156289481116,0.4976664338054965,0.0,0.005789325049421068,0.11713164583302368,0.027014372984140667,0.0,0.035612895554333446,5.945391578352829e-05,0.0,0.0017761857340329078,0.9355370918117094
TUMOR.6675,6675,TUMOR,5086,10383,0.7218375017082218,80.47171133089589,0,0.3156457518773661,142.86357128393507,5086,143.8307101437745,99.53985301988105,914.6000717874998,0.4898391601656554,1.3179088012680287,0.6920625846898767,0.07640534790692351,0.16600946372239747,0.0,0.005914826498422713,0.0005914826498422713,0.0,0.002168769716088328,0.8253154574132492,42302.0,0.14881093092525177,0.269301687863458,0.0,0.02127558980662853,0.5588151860432131,0.0526689045435204,0.0,0.01730414637605787,0.0010637794903314264,0.0,0.0006146281499692685,0.928348541440121,105917.0,0.15973828563875486,0.2846285298866093,9.441355023272941e-05,0.017268238337566206,0.5370809218539044,0.056317682713823085,0.0,0.01679617058640256,0.0015106168037236705,0.0,0.0006514534966058328,0.9247240763994449
TUMOR.6814,6814,TUMOR,59314,125203,0.9069524520283332,274.8107173245277,-5,0.33992389335900786,568.3044958470767,64779,545.5025396684365,229.7836774245588,5474.234990397905,0.4737426419494741,1.3366215956590783,0.421233011241752,0.024872543800509694,0.14839297156925568,0.0,0.003844726990657988,1.6862837678324508e-05,0.0,0.0015513810664058547,0.8461940575360022,148177.0,0.09347604554013106,0.3578760536385539,0.0,0.02489590152317836,0.3374140386159795,0.0379681057114127,0.0,0.011499760421657882,0.00037792639883382713,0.0,0.0028816887911079316,0.9472725186769877,285630.0,0.1367713475475265,0.32559254980219166,0.0,0.018884570948429786,0.32783671182998986,0.05107306655463362,0.0,0.010317543675384238,0.00030108882120225466,0.0,0.0027168014564296467,0.9355914994923502
TUMOR.6817,6817,TUMOR,5083,10726,0.9217795141096812,80.44797452943631,-3,0.29167383944454006,165.08482668010407,5083,176.22107434491465,68.32346433317316,1318.3462838120872,0.47389520790602274,1.4448990401189559,0.3877144920785397,0.036751153528010845,0.06466512702078522,0.0,0.027136258660508082,0.0,0.0,0.098729792147806,0.8094688221709007,43692.0,0.04824681863956788,0.4108761329305136,0.00013732491073880802,0.007735969971619519,0.04831548109493729,0.007049345417925478,0.0,0.01794378833653758,0.0,0.0,0.03423967774420947,0.5498260551130641,109034.0,0.057404112478676377,0.3580351083148376,0.00012840031549791808,0.010299539593154428,0.10693911990755177,0.011225856154960839,0.0,0.018242016251811363,0.00018342902213988298,0.0,0.019847020195535338,0.5379698075829558
TUMOR.6881,6881,TUMOR,5821,8327,0.6277127099584632,86.090228190564,-2,0.5338407923697726,123.47064428438041,5821,114.74188961280224,89.32026026297761,1020.3046532517446,0.6990512789720187,1.4442990605027377,0.7784450871812362,0.07026640404844653,0.16769972451790632,0.0,0.008953168044077135,0.0003443526170798898,0.0,0.0,0.8230027548209367,36522.0,0.1439680192760528,0.34017852253436287,0.0,0.009555884124637206,0.5041071135206177,0.06938283774163517,0.0,0.015387985323914354,0.0004654728656700071,0.0,0.001998795246700619,0.9127649088220798,96691.0,0.16880578337177193,0.3091497657486219,0.0,0.01323804697438231,0.4979574107207496,0.07454675202449039,0.0,0.014055082686082469,0.0005274534341355452,0.0,0.0010652490924698266,0.9098054627628218
TUMOR.6899,6899,TUMOR,5354,8602,0.6904901922289048,82.5646687301055,-1,0.4726341807909605,124.59534501738017,5354,117.45749249530178,84.9619087520796,881.144227664784,0.6224133922343641,1.3819362645469004,0.7233417549372426,0.08665512036167049,0.0975609756097561,0.0,0.018292682926829267,0.00023452157598499062,0.0,0.06332082551594746,0.8205909943714822,37746.0,0.1140253271869867,0.3067344884226143,0.00021194298733640652,0.036931065543368835,0.16571292322365283,0.025512637100619934,0.0,0.0196047263286176,0.0003709002278387114,0.0,0.046442007100090076,0.6240131404652148,98911.0,0.09553032524188412,0.4401027186056152,0.00014154138569016591,0.021868144089130633,0.16928349728543843,0.02519436665284953,0.0,0.029076644660351224,0.00014154138569016591,0.0,0.024476549625420833,0.7128630789295427
TUMOR.6913,6913,TUMOR,23257,36828,0.9411168670539768,172.0805976625653,-2,0.43396402448126586,358.73388465546435,23837,343.17261013856944,116.02028130926087,1986.212336883819,0.6315032040838492,1.2680296832998041,0.33808141408025866,0.07408191611020769,0.05902339155813042,0.0,0.017554558522455025,0.0,0.0,0.0,0.9234220499194146,74534.0,0.06775431346767918,0.5833176805216411,0.0,0.010961440416454235,0.05476695199506266,0.019185874902728956,0.0,0.07349665924276169,2.683339147234819e-05,0.0,0.0021466713177878552,0.8453591649448574,167832.0,0.07217932217932219,0.4974617474617475,0.0,0.01048667715334382,0.1398005148005148,0.02194456361123028,0.0,0.051950760284093615,2.9791696458363125e-05,0.0,0.0014538347871681206,0.8781042947709614
TUMOR.6918,6918,TUMOR,4212,6591,0.8790909956844638,73.23172101230796,1,0.34524590163934427,133.01503674397117,4212,136.77817327452618,65.1958613365578,560.8183258569795,0.6390532544378699,1.2168280368858682,0.4766539848847359,0.16828826510465028,0.18745528261388028,0.0,0.008585738134986884,0.0,0.0,0.0,0.8039589792511328,35833.0,0.08952641419920185,0.23456032149136272,0.0,0.022521139731532386,0.6509083805430749,0.03717243881338431,0.0,0.027572349510228,0.0012558256355873077,0.0,0.0013395473446264617,0.9307342393882734,95670.0,0.10361659872478311,0.3543326016515104,8.36207797637713e-05,0.023277934566739836,0.45145813734713075,0.03829831713180725,0.0,0.03816243336469113,0.0010243545521061983,0.0,0.006093864325284833,0.8562767847810181
TUMOR.7005,7005,TUMOR,5215,5767,0.7175549734043554,81.48585291812238,-1,0.6849225111636459,107.37783756436893,5215,100.93889767921851,70.30413136822753,421.651803615609,0.9042829894225767,1.0584896457871624,0.6965018737538866,0.36860078183493095,0.17112093828109978,0.0,0.008459911555470103,0.0,0.0,0.0021149778888675257,0.8183041722745625,31503.0,0.1169729866996794,0.34009459416563503,0.00025394406881884264,0.02936228295717868,0.48830270133003206,0.03904390058089706,0.0,0.029013109862552774,0.000857061232263594,0.0,0.004348792178522681,0.907088213820906,88415.0,0.10152123508454448,0.3719730814906973,0.00010179268223717695,0.018978680088220325,0.361646779392637,0.03413447944353334,0.0,0.03371599841655828,0.0006107560934230617,0.0,0.016897585251371375,0.802081094836849
TUMOR.7103,7103,TUMOR,8110,13994,0.9115183345663761,101.6167934339702,-1,0.32450384122919335,199.6246477767713,8110,191.99854945702285,78.96121564111026,980.6356056934325,0.579534086036873,1.2328994623704288,0.4112594384927112,0.10597792267048184,0.1475673005680415,0.0,0.011484317115337121,0.0,0.0,0.0004939491232403062,0.8404544331933811,47844.0,0.12135272970487418,0.249749184850765,0.0006897416603962879,0.011913719588663156,0.6154794749602877,0.04305660061867737,0.0,0.017891480645430984,0.0013794833207925758,0.0,0.0005016302984700275,0.9371708051166291,117842.0,0.1798085572206853,0.27006500229120345,0.0009928548395308973,0.02293749257480355,0.5255087320310246,0.06331358938239337,0.0,0.0184569168887154,0.0017820471478759694,0.0,0.0007637344919468441,0.9156837120890684
TUMOR.7156,7156,TUMOR,168451,338378,0.8210117861833287,463.11820796658697,-24,0.3380812273208953,894.572523611138,194202,801.4612232205334,457.5632228592798,15195.492634309892,0.49781900714585464,1.427001372081525,0.5709112426183778,0.009167562696753413,0.12915061238786743,0.00011873734705145483,0.005200695800853722,0.0001721691532246095,0.0,0.0016623228587203675,0.8636954624522825,270820.0,0.08563252344730818,0.34776235137729855,0.0004320212687393841,0.05509563547743889,0.30838564360091575,0.03184402924451665,0.0003286315634000443,0.016926371759840485,0.001432685916845137,0.0,0.0031460010338970534,0.9463222804815006,472292.0,0.12397838625257256,0.2905702404444708,0.0002646667739449324,0.06876889720765966,0.324976921057312,0.045505746444995894,0.000258314771370254,0.014723941968104478,0.0011560644685914645,0.0,0.002513275685381078,0.9358426566615569
TUMOR.7170,7170,TUMOR,42744,84090,0.5587466535449442,233.28812893107056,-3,0.3765493547108312,418.2439479538228,43513,340.50920913064505,282.39736174909507,5908.358836058405,0.5083125222975383,1.4969757227979674,0.8293383972494739,0.015386905897544951,0.15334924870102515,0.0,0.007068295651359828,0.0002340495248794645,0.0,0.0008893881945419651,0.8384590179281936,116767.0,0.10172394597788759,0.24995075663500818,0.0,0.013342810896914368,0.6339205426190619,0.040482328055015546,0.0,0.020168369487954644,0.000873534474637526,0.0,0.00034256253907353964,0.9381332054433188,230237.0,0.10991717230505957,0.25375591238593276,3.4746804379834695e-05,0.012408952514148464,0.6232490868105474,0.04509700873447795,0.0,0.019458210452707427,0.0008165499029261152,0.0,0.0003518113943458263,0.9342764195155426
TUMOR.7171,7171,TUMOR,15014,18773,0.9316948939616092,138.26213698859763,-1,0.580677599009901,259.9249891795708,15014,247.4937016484275,89.90006424996766,1104.0142853498728,0.7997656208384382,1.2579326017542176,0.3632418265644331,0.1547949861347546,0.2081423195347246,0.0,0.004515908313376667,0.0,0.0,0.0,0.7873417721518987,54232.0,0.018697448001180113,0.1922481191916212,0.0,0.01397698775630624,0.4726176427201652,0.009901902935536215,0.0,0.01696415400501549,0.0007191326154300044,0.0,0.0002212715739784629,0.6697521758371441,132134.0,0.08388454145034586,0.2210331935762181,0.0,0.01590052522439342,0.42740702620067506,0.03612998925333374,0.0,0.01674058153087018,0.000590309836983668,0.0,0.00034056336749057773,0.6950141522999379
TUMOR.7336,7336,TUMOR,5565,11703,0.9381802222705024,84.17587579853969,-1,0.3201035375323555,183.7879212570837,5565,208.10457867020534,72.03481314752682,1147.6122650963193,0.4755190976672648,1.3318793844163241,0.34614718046009124,0.05309879560485151,0.1106904633135028,0.0,0.0037858301784748512,0.000721110510185686,0.0,0.000721110510185686,0.884081485487651,45849.0,0.07193177604746014,0.380095530982137,0.0,0.04639141529804358,0.49885493685794674,0.04287988832908024,0.0,0.015747344544046762,0.0011123470522803114,0.0,0.0016358044886475168,0.9386246155859451,113507.0,0.07128194736888474,0.37746570696080417,0.0,0.029399067898896104,0.5186904772392892,0.043706555542829956,0.0,0.020774049177583763,0.0008369527870527809,0.0,0.001955826512902288,0.9327266159796312
TUMOR.7362,7362,TUMOR,11009,15112,0.9225050409952728,118.39380958474732,1,0.5753331591324797,216.33538776631067,11009,206.1705269132683,79.57873860592807,1022.5767311903867,0.7284939121228163,1.2291723410332318,0.3859850377130054,0.13230185198013641,0.15105492906511458,0.0,0.007275372862859221,0.00018188432157148054,0.0,0.0022735540196435066,0.8392142597308112,49383.0,0.055666929915152985,0.3798675657614969,0.0,0.0013769920822955268,0.2044428244537594,0.010651438754227163,0.0,0.01862989287811595,0.00024299860275803415,0.0,0.00028349836988437316,0.9701921713950145,121666.0,0.10883895254220571,0.38832541548172866,0.0,0.002334259365804744,0.22336560748278073,0.025775483701280556,0.0,0.02270971347788207,0.00018082290861867737,0.0,0.000698633965117617,0.9506353459471011
TUMOR.7423,7423,TUMOR,6512,11637,0.5268498355439906,91.05677303372539,0,0.4105926860025221,133.25539388707685,9919,141.84935358907245,120.56604703554312,912.399061660723,0.5595943971814041,1.3275464958461882,0.8499583817971736,0.0983002440320893,0.20046153846153847,0.0,0.008307692307692308,0.0,0.0,0.0009230769230769231,0.7903076923076923,42416.0,0.050381931346661635,0.3539466239155036,0.0,0.03366654092795172,0.5523858921161826,0.023552433044134288,0.0,0.01645605431912486,9.43040362127499e-05,0.0,0.0010137683892870615,0.9588834402112411,105983.0,0.14958059311398997,0.3139088344357114,0.0,0.05086664842474736,0.480095864431088,0.05579196663615863,0.0,0.013539907343630583,0.00010379023050866648,0.0,0.0005189511525433324,0.9292999820725966
TUMOR.7475,7475,TUMOR,5307,10394,0.7505290891679158,82.20147361154487,0,0.353117306540688,138.53880322855397,5307,144.80860293834712,95.69494253411551,813.6711395993651,0.5105830286703867,1.269848763855771,0.6608374129184718,0.10073053194609553,0.1559667673716012,0.0,0.008685800604229608,0.0015105740181268882,0.0,0.0,0.8338368580060423,41609.0,0.18428705328174194,0.24244754740560936,0.0,0.016943449734432455,0.5561777500060083,0.061404984498545985,0.0,0.017832680429714726,0.0009613304813862385,0.0,0.00031243240645052755,0.9194885721839026,105754.0,0.21318342568602605,0.23679482572763205,0.0008699434536755111,0.016897705996936286,0.5315354501957372,0.0781719840384288,0.0,0.016557293341150216,0.0012103561094615807,0.0,0.0003876921913119126,0.9036726743196475
TUMOR.7495,7495,TUMOR,20769,30132,0.9567735400142031,162.6158421083401,-1,0.545691014188124,349.3136126749142,20769,359.87450142288355,104.66372687117997,2348.6986642785846,0.6892672242134608,1.342424513922344,0.2908339614431062,0.04731195005923913,0.21901033825153066,0.0,0.02007427481682224,0.0,0.0,0.005269497139415839,0.7556458897922312,70665.0,0.03693483336871153,0.4888134154107408,0.0,0.009495506969503997,0.36623505271350737,0.009042666100615581,0.0,0.0424962852897474,8.490766291657822e-05,0.0,0.005108611052147456,0.8646288827566688,159338.0,0.09429640136062961,0.39983556966950756,0.0,0.014754797976628299,0.3842335161731665,0.03195722301020472,0.0,0.03855326413033928,0.0004581455773261871,0.0,0.005629542230980683,0.8436280108950784
TUMOR.7508,7508,TUMOR,16070,20389,0.6860687556313484,143.0418102650203,1,0.5759856630824373,191.92967462067975,16070,175.46806764797785,127.65946042343357,1100.8254685319157,0.7881700917161214,1.1811898813436554,0.7275367087277818,0.16664366297720318,0.17147306135160387,0.0,0.010401744004982871,0.0,0.0,0.00024914356898162566,0.8178760510744316,49606.0,0.05835987582147321,0.325061484497843,0.0,0.06279482320687013,0.5525944442204572,0.02251743740676531,0.0,0.013828972301737692,0.00012095311051082531,0.0,0.0005846067008023223,0.9629480304801838,121693.0,0.10912706564880478,0.3255569342525864,0.0,0.04851552677639634,0.49261666652971003,0.039870822479518134,0.0,0.022228065706326575,0.00012326099282621022,0.0,0.0008135225526529874,0.9175219610002219
TUMOR.7626,7626,TUMOR,4725,10111,0.670254659195752,77.56324418739615,1,0.3111828240252898,150.41608956491322,4725,140.6279257794242,104.3643688310764,880.8010819142763,0.46731282761349024,1.2300865962606926,0.7421311823568569,0.07653427949198882,0.005227272727272727,0.0,0.0027272727272727275,0.0,0.0,0.0,0.9920454545454546,43973.0,0.10094830918973006,0.46949264321288064,0.0,0.00040934209628635756,0.15659609305710323,0.012075591840447547,0.0,0.03072339844904828,0.0,0.0,0.00020467104814317878,0.8733768448820868,109272.0,0.13724467384142325,0.4836280108353467,0.0,0.012436854820997144,0.19760780437806574,0.025468555531151623,0.0,0.04240793615930888,0.0,0.0,0.0009059960465627059,0.8863478292700784
TUMOR.7633,7633,TUMOR,5065,8731,0.9616967782453915,80.3054063814112,-1,0.41380718954248363,181.0,5065,188.94969015869918,51.7940385763181,781.6883835420682,0.5801168251059443,1.250779464019871,0.2741154988548338,0.1041650430238138,0.14588701684836472,0.0009910802775024777,0.030921704658077306,0.00019821605550049553,0.0,0.0023785926660059467,0.819623389494549,42426.0,0.008084665063875925,0.4666713807570829,0.0,0.00021213406873143826,0.5241125724791401,0.00539763352661104,0.0,0.03867911186536558,0.00042426813746287653,0.0,0.0009192476311695658,0.954579738839391,108389.0,0.04125879932465472,0.38603548330550147,0.00032291099650333524,0.004603788207290408,0.4957698659458063,0.014955392152340182,5.535617082914318e-05,0.03038131175672808,0.0013377741283709603,0.0,0.0045115279225751695,0.8786684995709897
TUMOR.7663,7663,TUMOR,4160,6754,0.8058330760684332,72.77826946347568,0,0.4244464850525457,116.3872845288522,4160,116.11339973746026,68.75570951254134,790.2741699796952,0.6159312999703879,1.3234012799530914,0.5921427644699264,0.08370427131923004,0.09749034749034749,0.0,0.005308880308880309,0.0,0.0,0.0019305019305019305,0.8952702702702703,34757.0,0.0970451995281526,0.3348390252323273,0.0,0.019334234830393877,0.5479184049256265,0.05354317115976638,0.0,0.019190378916477256,0.0006329660212331329,0.0,0.000517881290099836,0.9261156026124234,93095.0,0.09889897416617434,0.3037112626886514,0.0,0.01614479832429239,0.5797626080885118,0.05159245931575272,0.0,0.021343788603039905,0.0006982115043772491,0.0,0.001772383049573017,0.9245931575272571
TUMOR.7711,7711,TUMOR,15397,18067,0.6750403549459365,140.0145323539214,1,0.6415416666666667,186.80738743422327,15397,171.27298437505874,126.36192063149004,683.747258045114,0.8522167487684729,1.030741814300325,0.7377808070114484,0.41386126255830524,0.27337091910318606,0.0,0.0037367247934967877,0.0007211223285695555,0.0,0.0,0.7221712337747476,47039.0,0.02529815684857246,0.14220115223537916,0.0,0.008567358999978741,0.5300070154552605,0.0070792321265333025,0.0,0.015051340377133867,0.0019133059801441357,0.0,0.00021258955334934842,0.681880992368035,118634.0,0.05865097695433012,0.16492742384139455,0.0,0.006102803580760996,0.40989092502992397,0.016892290574371596,0.0,0.01599035689599946,0.0009356508252271693,0.0,0.0011210951329298515,0.608383768565504
TUMOR.7872,7872,TUMOR,34391,55068,0.8207589036965801,209.25577932995537,-2,0.39581295245548814,339.94852551526094,43922,366.75087122787534,209.5155064999923,2673.2804461028545,0.6245187767850657,1.2516715073777447,0.5712747342590848,0.06047357239515938,0.21608727272727274,0.0,0.004189090909090909,0.0,0.0,0.00023272727272727271,0.7794909090909091,87754.0,0.03206691432869157,0.39599334503270506,0.0,0.009378489869407662,0.4737333910704925,0.011634797274198328,0.0,0.042368439045513594,0.0007293114843767805,0.0,0.004034004147959068,0.8735784123800624,184770.0,0.0871082968014288,0.44199815987443847,0.0005628619364615468,0.013579044217134816,0.3798776857714997,0.03174757807003301,1.08242680088759e-05,0.0568598798506251,0.000865941440710072,0.0,0.004605726037776695,0.8525139362450614
TUMOR.7873,7873,TUMOR,8440,10397,0.6449607783896801,103.66359899967189,1,0.6161033652091393,140.089257261219,8440,122.57141776718457,93.67099847782292,590.3269478283311,0.8117726267192459,1.1418801344279457,0.7642156726598702,0.30434564601415764,0.23551068883610451,0.0,0.00035629453681710216,0.0,0.0,0.005225653206650831,0.7589073634204275,38818.0,0.025941573496831367,0.15794219176670618,0.0,0.019501262300994384,0.0,0.005384100159719718,0.0,0.0008501210778504817,0.0,0.0,0.003761141738368798,0.990004637024061,102045.0,0.12597383507276202,0.15645058552599345,0.0,0.01956979763829683,0.0,0.0275662697829389,0.0,0.0010877554020285167,0.0,0.0,0.003978636875888088,0.9673673379391445
TUMOR.7933,7933,TUMOR,36847,65903,0.8705324341098194,216.5988400358057,-3,0.35105085650044776,376.9416400452463,36847,384.04077930357874,188.99070944102527,3294.7495295549165,0.5591096004734231,1.3326667794380171,0.49211104556068724,0.042654729196744415,0.11187208382220525,0.0,0.002483014543370897,0.0,0.0,0.0015007230756637288,0.8841441785587602,94521.0,0.06883126500989198,0.47887770971530136,0.0,0.041747336570709156,0.009278361422329429,0.022767427344188063,0.0,0.02778218596925551,0.0,0.0,0.001925498037473154,0.7929983813120893,200132.0,0.07934763056382788,0.4332090820058761,0.0,0.023004816820898208,0.013640996942018268,0.024518817580396937,0.0,0.037365338876341615,0.0,0.0,0.0012791557572002477,0.7462724601762837
TUMOR.7987,7987,TUMOR,5088,9222,0.9551450268053518,80.4875319761546,0,0.26977730646871684,190.53870997778904,5088,197.14447702468755,58.38205858748891,873.7127701597078,0.5517241379310345,1.308056573337199,0.29613844358509717,0.08375670809962099,0.08325113434602485,0.0,0.004734661668968239,0.00019727756954034326,0.0,0.0,0.9118169264154665,43011.0,0.08521076003812979,0.3444002696984492,0.0,0.014740415242612355,0.12334054079189044,0.038804026876845456,0.0,0.011764432354513962,0.00037199786101229916,0.0,0.00037199786101229916,0.948687545046616,109208.0,0.13003626107977437,0.3338766390740605,0.0,0.0187532048934144,0.11614533733792397,0.04518899714306644,6.40978682880375e-05,0.008424291260713502,0.00021976411984470003,0.0,0.0005768808145923376,0.9455259687934949
TUMOR.8030,8030,TUMOR,21300,46983,0.9144033400755176,164.6815177937675,-2,0.29841127518282945,401.1795109424209,39200,428.47287012170756,173.44766574160982,2049.793072687563,0.4533554689994253,1.2146582929432916,0.404804312796612,0.06370439935674228,0.19955559757942512,0.0,0.0017965204236006051,0.0,0.0,0.00037821482602118004,0.7982696671709532,92651.0,0.07192582918694887,0.4350195896428533,0.0,0.03000507280007771,0.36422704557964836,0.025957625929563632,0.0,0.025730968904814844,0.0,0.0,0.0006691778825916612,0.8988354146204575,191205.0,0.06784864412541514,0.3826050573991266,0.0,0.031678041892209935,0.3991527418216051,0.02139065401009388,0.0,0.028116419549697968,1.045997751104835e-05,0.0,0.0014382469077691483,0.9004419340498417
TUMOR.8062,8062,TUMOR,4317,7113,0.91938815136915,74.13889070266494,1,0.3485949612403101,147.73286702694156,4317,138.58665869276408,54.51327440502981,577.5046173579947,0.6069169126950654,1.2344460629315785,0.3933515312313109,0.1626600834755243,0.19907084785133566,0.0,0.008594657375145181,0.0,0.0,0.0,0.7923344947735191,37109.0,0.042173057748794096,0.27917755800479666,0.0,0.061359777951440354,0.6172357110135007,0.010078417634536097,0.0,0.016438060847772776,0.0,0.0,0.0002425287666064836,0.9732409927510847,98126.0,0.06656747447159775,0.31640951429794345,0.0,0.043067077023418866,0.5726107249862422,0.023653262132360433,0.0,0.018517008743859937,2.0381957890874998e-05,0.0,0.00039744817887206246,0.9573099891975623
TUMOR.8085,8085,TUMOR,9405,20072,0.8183247700139119,109.42951118521093,-2,0.34648541114058357,218.96118377465902,9405,205.1340221571507,117.90202989109385,1477.2762620207482,0.4685631725787166,1.309989777462881,0.574756096776431,0.05415583112210897,0.2266240681576145,0.0,0.003940362087326944,0.0,0.0,0.0,0.7694355697550586,56555.0,0.19824949164530103,0.547484749359031,0.0,0.023587658032004244,0.17266377862257978,0.06063124392184599,0.0,0.015118026699672885,0.00015913712315445143,0.0,0.00019450092829988508,0.9238970913270268,130760.0,0.23771795656163963,0.4390562863260936,0.0,0.04036402569593148,0.12646069134291832,0.0758106454573264,4.5885591924135824e-05,0.011219027225451208,0.00019118996635056592,0.0,0.0006500458855919241,0.9120832058733558
TUMOR.8122,8122,TUMOR,8944,16281,0.8983565632528718,106.71389079267655,0,0.3596156165815608,214.0023364358436,8944,202.18374959495267,88.81264636511276,1317.6721856198915,0.5493520054050735,1.3364333661152374,0.4392669863084282,0.06473317331659355,0.15507781883327734,0.0,0.010525137162691748,0.00044787817713581906,0.0,0.0006718172657037286,0.8332773485611914,51506.0,0.09018366792218382,0.2769580243078476,0.0,0.008387372344969519,0.6244515202112375,0.04139323573952549,0.0,0.019201646410126977,0.0010872519706441968,0.0,0.0019221061623888478,0.9363957597173145,123252.0,0.1121279979229546,0.2613182747541622,6.490766884107357e-05,0.010782786486223347,0.6155437639957161,0.04776393080842502,0.0,0.018920585467172946,0.0010222957842469088,0.0,0.0016632590140525103,0.9306299289261026
TUMOR.8355,8355,TUMOR,49815,198505,0.8289226674603691,251.84604011376103,-3,0.18719350656670988,637.0243323453194,50515,717.138656167553,401.14098756805606,4485.410567886514,0.2509508576610161,1.292475524005399,0.5593632195366318,0.031114698338540726,0.16576906072907038,0.0,0.006631566255375588,0.0,0.0,0.001567461114906957,0.8260319119006471,176913.0,0.08179726758350149,0.2744908514354513,0.0,0.052031224387128136,0.5430296247307999,0.026380198176504836,0.0,0.011237161768779005,6.21774544550146e-05,0.0,0.0033406250529921487,0.9327522567589719,365130.0,0.09629720921315696,0.24837181277901021,0.0,0.058776326239969326,0.5036151507682195,0.03181332676033194,0.0,0.014236025525155424,4.929751047572098e-05,0.0,0.005581573686084408,0.8859748582696574
TUMOR.8375,8375,TUMOR,12785,26180,0.6616040832944711,127.58670612347923,-1,0.322772027265842,240.7072911234722,12785,205.98745724612385,154.4603835639068,1634.57272657703,0.48834988540870894,1.2800741381065173,0.7498533436399965,0.060131508613808726,0.14417730440911583,0.0013313493617354531,0.013705066959041428,0.0010180906883859348,0.0,0.0014096640300728326,0.8383585245516485,63420.0,0.1555818353831599,0.2805108798486282,0.0001261431725007884,0.006606748659728792,0.5570797855566068,0.05912961210974456,0.00033112582781456954,0.027988016398612425,0.0036896877956480605,0.0,0.00039419741406496373,0.9084673604541155,144110.0,0.18542779820970093,0.26925265422246897,5.551314967732982e-05,0.005821941572409965,0.5393102491152592,0.07116785788633682,0.0004996183470959684,0.022482825619318577,0.002525848310318507,0.0,0.000457983484837971,0.9028658663520922
TUMOR.8385,8385,TUMOR,20044,37551,0.980903476173539,159.7523503259705,0,0.21941981390257254,478.5404894050241,20044,461.33005642126915,89.72646689271106,1974.4732675341681,0.5337807248808287,1.2888770778020349,0.19449516814221235,0.06460880995274433,0.23531173563620028,0.0,0.004093246143862627,0.0,0.0,4.991763590076374e-05,0.7605451005840363,87913.0,0.24841604768350528,0.44235778553797506,0.0,0.006711180371503645,0.2067384800882691,0.09140855163627677,0.00015924834779839159,0.019212175673677386,0.00015924834779839159,0.0,0.0007279924470783615,0.8883327835473707,194502.0,0.28297395399533165,0.3975588939959486,0.0,0.007146456077572467,0.1569186949234455,0.09323297446812887,7.197869430648528e-05,0.015531973964278002,0.00014909872392057666,0.0,0.0011310937676733402,0.8898828803816927
TUMOR.8548,8548,TUMOR,8972,20667,0.852725588995407,106.88079900227112,1,0.2518526835841006,246.35746386095144,8972,235.3982115963326,122.96240708104116,1448.4062043356594,0.43412203028983404,1.3578239287564684,0.5223591387852194,0.05374256321631756,0.15792410714285715,0.0,0.018415178571428572,0.0,0.0,0.0,0.8236607142857143,59648.0,0.022146593347639486,0.4285307135193133,0.0,0.04062164699570815,0.3930056330472103,0.008734576180257511,0.0,0.05641429721030043,0.0,0.0,0.004275080472103004,0.8365913358369099,138308.0,0.032044422593053186,0.42665644792781326,0.0,0.03299881424068022,0.39697631373456344,0.01079474795384215,0.0,0.05436417271596726,1.4460479509500535e-05,0.0,0.00514070046562744,0.8438991236949417
TUMOR.8574,8574,TUMOR,149685,430091,0.9760885090884023,436.56026073576925,-24,0.3012006978414805,1295.4018681474872,157583,1418.037746261737,308.2437755988796,15245.744330244252,0.34803099809110166,1.4061893662578266,0.21737346302062746,0.00809265229064128,0.11758221200742948,0.0,0.014297740422518274,6.6811871133262955e-06,0.0,0.003440811363363042,0.8646725550195759,338345.0,0.07114040402547696,0.390497864605654,1.4777815543306389e-05,0.10225657243346288,0.0828385228095583,0.025270064579053925,0.0,0.019231849148058935,0.00012708921367243493,0.0,0.005982059731930426,0.9493889373272842,595624.0,0.09420372584046312,0.3599384846816112,4.197278820195291e-05,0.0972509502639249,0.10558338817777659,0.03009113131774408,5.7082991954655955e-05,0.01563402414946342,0.00016285441822357728,0.0,0.005770418922004486,0.9482844882006097
TUMOR.8593,8593,TUMOR,6186,11247,0.8475418334758318,88.74829476520502,1,0.3451623702711751,175.26266002774236,6186,159.93446878166952,84.8817957515266,848.6000717874997,0.5500133368898373,1.2805600938858777,0.5307285940180964,0.1079477641097255,0.14415289925494007,0.0,0.004049238743116294,0.0,0.0,0.009070294784580499,0.8427275672173631,44252.0,0.13608424477989695,0.4427144535840188,0.0,0.1410331736418693,0.24798879146705233,0.04806562415258067,0.0,0.019727921901834946,0.00022597848684805208,0.0,0.012564403868751696,0.9194160715899846,111969.0,0.1646973715939233,0.4424260286329252,0.00016968982486223865,0.10049210049210049,0.2362260982950638,0.05423822665201976,0.0,0.01904991560163974,0.0004554832141039038,0.0,0.009609802713250988,0.9166465718189856
TUMOR.8594,8594,TUMOR,4398,9697,0.8526079065912278,74.83119348069525,1,0.31869565217391305,155.5538491969903,4398,172.0738585131186,89.91740141876225,617.2031021678297,0.4535423326802104,1.1445573272444358,0.5225512009536714,0.14508044819746654,0.15775034293552812,0.0,0.001828989483310471,0.0,0.0,0.0009144947416552355,0.8395061728395061,41965.0,0.08888359347074944,0.29591326105087573,0.0,0.017347789824854045,0.595162635529608,0.0342428213987847,0.0,0.015798880019063506,0.0002859525795305612,0.0,0.0004765876325509353,0.9491957583700703,105365.0,0.08310159920277131,0.27348740093959095,0.0,0.013647795757604518,0.6268779955393157,0.032154890143785884,0.0,0.015346652114079628,0.0005030133345987757,0.0,0.0006074123285721065,0.9513880320789636
TUMOR.8747,8747,TUMOR,37405,72051,0.762027009825015,218.23273166694946,-5,0.3738630684657671,394.82781057063346,39147,348.4889117034681,225.66233554941147,4728.4805896778535,0.5191461603586348,1.4443641364617235,0.64754523880355,0.021023078012474102,0.1765272279875896,0.0006151706429870547,0.006552904675296887,0.00042794479512142934,0.0,0.000561677543596876,0.8153150743554082,105191.0,0.13956517192535484,0.3324999287011246,0.0,0.0204009848751319,0.4606667870825451,0.061944462929338064,5.703910030325788e-05,0.019745035221644437,0.00035174111853675694,0.0,0.0013499253738437698,0.8696846688404901,212142.0,0.14404974026831086,0.3048288410592905,0.0,0.017700408217137576,0.44605971471938605,0.05850798050362493,2.8282942557343666e-05,0.017313874668853882,0.000339395310688124,0.0,0.0010983209359768458,0.8353508499024238
TUMOR.8768,8768,TUMOR,64546,128249,0.7402150439373049,286.67493726253053,0,0.3818069965809741,488.05839814514,64546,485.4993338710327,326.43528525482424,4500.29682349378,0.5032865753339207,1.3372238219361705,0.6723702021423122,0.04004947977813798,0.16522822869605858,0.0,0.008038635301448823,0.00012463000467362518,0.0,0.0054369839538868986,0.8211715220439321,153007.0,0.021796388400530695,0.33010254432803726,0.0,0.020901004529204546,0.43974458684896767,0.0143980340768723,0.0,0.02066572117615534,7.842778434973563e-05,0.0,0.0018495885809145986,0.785225512558249,283129.0,0.024388176414284656,0.28013379060428284,0.0,0.022389087659688695,0.3467288762366271,0.01503201720770391,0.0,0.017991798791363655,4.238350716457869e-05,0.0,0.0013492083114057549,0.6477965874212814
TUMOR.8829,8829,TUMOR,142980,302172,0.8125494062434859,426.67058734606206,-20,0.3177792347783569,841.6869964541451,156211,790.0863037317349,460.5352424443716,14346.954575087018,0.4731742186569239,1.4174761627840584,0.5828923248880179,0.008729024455676023,0.15490770726521133,0.00027278640824234625,0.007148402800607125,4.196713972959173e-05,0.0,0.0012170470521581601,0.8364120893340514,258758.0,0.10403929540342714,0.45718006786263615,0.0,0.07237264161880985,0.2644053517185942,0.037915735938599,0.0001623138221813432,0.01941582482473972,0.0007188183553745198,0.0,0.002376738110512525,0.9394105689485929,450728.0,0.1539442856889299,0.4156786354519799,0.0,0.08227134768640953,0.26857217656768606,0.049280275465469196,0.00039047940221153334,0.018933813741325144,0.0007920519692586216,0.0,0.002172041674801654,0.9284313377469339
TUMOR.8873,8873,TUMOR,4118,5616,0.6289056151207204,72.40994714277453,1,0.5361979166666667,98.49365461794989,4118,97.86939275617804,76.09165766842345,416.048773235279,0.7332621082621082,1.102542617771949,0.7774816571917489,0.2989563033454631,0.18159628996826946,0.0,0.004149377593360996,0.0,0.0,0.0,0.8142543324383695,31996.0,0.212839104888111,0.461557694711839,0.0,0.020502562820352545,0.10335666958369796,0.06763345418177272,0.0,0.025721965245655707,0.0,0.0,0.00021877734716839605,0.8650768846105763,88687.0,0.18388264345394478,0.4557037671812103,0.0,0.02808754383393282,0.1639699166732441,0.05411165108753256,0.0,0.02630599749681464,0.0,0.0,0.0028189024321490183,0.8721458612874491
TUMOR.8888,8888,TUMOR,27416,53824,0.7816967471360529,186.8345132957485,-4,0.3156488901169752,381.24139334547607,35911,345.34752505381215,215.37899445698815,3311.4652583074544,0.5093638525564804,1.4386782768021333,0.6236587171818525,0.03141763929637033,0.152054894517848,0.0,0.004416380757719542,0.0,0.0,0.0017884517118037812,0.8417402730126287,93231.0,0.06313350709527947,0.29199515182718194,4.290418423056709e-05,0.05222511825465779,0.5703253209769282,0.02374746597161888,0.0,0.018362990850682714,0.0004504939344209544,0.0,0.0022310175799894884,0.9552080316632879,193501.0,0.06344670053384736,0.2777298308535873,2.06717277946884e-05,0.05257337171384127,0.5841158443625615,0.02359677727763681,0.0,0.015984413517242804,0.0003565873044583749,0.0,0.0017209213389078092,0.9583413005617542
TUMOR.8938,8938,TUMOR,4160,19819,0.750803073326157,72.77826946347568,1,0.13016270337922403,197.0101520226813,4160,233.25371755826896,154.07017124779287,865.7127701597078,0.20989959130127656,1.1777386952155828,0.6605261123407592,0.06975182048295414,0.21972986010612638,0.0,0.002653159671972986,0.0,0.0,0.0,0.7776169802219006,58174.0,0.12973149516966342,0.22240176023653177,0.0,0.016209990717502665,0.6265685701516142,0.03298724516106852,0.0,0.012754838931481417,0.0007735414446316224,0.0,0.0009282497335579468,0.9525561247292605,134182.0,0.16374029303483328,0.23965211429252806,0.0001788615462580674,0.021060947071887437,0.5105304735359437,0.040050081232952256,0.0,0.012333994127379231,0.00048441668778226586,0.0,0.0006930884917500112,0.9464384194601362
TUMOR.8977,8977,TUMOR,6488,10247,0.742411393534866,90.88882310956467,1,0.48119854631758513,142.414886862294,6488,128.07393242632358,85.8023969592798,808.3746750430836,0.633160925148824,1.22141549439543,0.6699442683907508,0.12476572841821382,0.16084672435105068,0.0,0.012515451174289247,0.0,0.0,0.0006180469715698393,0.8260197775030902,40296.0,0.03047448878300576,0.5477714909668453,0.0,0.011440341473099067,0.32000694858050427,0.009926543577526306,0.0,0.07705479452054795,0.00024816358943815766,0.0,0.006030375223347231,0.8628399841175303,103510.0,0.05443918461984349,0.4311757318133514,0.0006472804559945899,0.009912085788812676,0.3526615785914404,0.017679451260747756,0.0,0.062196889189450294,0.0009177857211863589,0.0,0.007448555695101922,0.7993623804463337
TUMOR.9124,9124,TUMOR,28734,60128,0.9388357958787307,191.2727504858446,0,0.26306441571758155,405.2776825831889,28734,451.45873681116615,155.4666502734151,2681.025612106915,0.4778805215540181,1.2918857784145146,0.34436513815534575,0.05023472460463733,0.13718753286821161,0.0,0.009746520351996635,0.0,0.0,0.0022087438207762156,0.8508572029590156,95857.0,0.09556944198128463,0.4905640693950364,0.00010432206307311934,0.016973199661996514,0.19814932660108286,0.03076457640026289,0.0,0.046329428210772294,0.0,0.0,0.013582732612120138,0.7967493245146416,202531.0,0.11741412425752107,0.48664155116994434,0.00013331292493494823,0.027111898919177806,0.20125314149438853,0.039495188390913,0.0,0.050416973204102086,5.925018885997699e-05,0.0,0.009514592827764639,0.8132927798707358
TUMOR.9178,9178,TUMOR,4729,7192,0.9866748003010593,77.59606824480596,1,0.20232747186925085,211.19185590358356,4729,225.68646644245223,36.720262027783114,606.7005768508881,0.6575361512791991,1.0633692585540748,0.16270475853786479,0.16144714234312485,0.2107718405428329,0.0,0.0033927056827820186,0.0,0.0,0.0,0.785835453774385,42472.0,0.35545771331700887,0.4087398756828028,0.0,0.0,0.23580241100018837,0.12450555660199661,0.0,0.024816349595027314,0.0,0.0,0.0,0.8506780938029761,109930.0,0.45329755298826524,0.3410443009187665,0.0,0.0006731556445010461,0.2049849904484672,0.15829164013463112,0.0,0.01819339579732557,4.548348949331393e-05,0.0,2.7290093695988357e-05,0.823442190484854
TUMOR.9325,9325,TUMOR,4579,8218,0.8905272813957926,76.3555097903374,1,0.39883285428098597,138.13399291991817,4579,148.41894896050525,67.5202089918731,774.4873734152916,0.5571915307860793,1.2705676815267135,0.45492984194248975,0.09592942116984592,0.14673674989049496,0.0,0.0056942619360490585,0.0,0.0,0.0017520805957074025,0.8458169075777485,38330.0,0.1271849726063136,0.25189146882337593,0.0,0.03417688494651709,0.415992695016958,0.04729976519697365,0.0,0.014088181581007045,0.00033915992695016957,0.0,0.0010174797808505088,0.7665014349073832,99410.0,0.17852328739563425,0.20978774771149783,0.0,0.02016899708278845,0.36036616034604163,0.06441001911276531,9.05341514938135e-05,0.01071320792676793,0.00024142440398350267,0.0,0.0005834423096267981,0.6928075646313249
TUMOR.9452,9452,TUMOR,4958,8605,0.8538821369760833,79.45263785927398,0,0.38577653283535634,149.01342221424215,4958,142.34641813359,74.0865308927184,959.4701294725884,0.5761766414875072,1.4224030618924792,0.5204664217345413,0.06767892768767093,0.12553148410609435,0.0,0.002024701356549909,0.0,0.0,0.003037052034824863,0.8694067625025309,39182.0,0.1591802358225716,0.3205553570517074,0.00010208769332856924,0.18924506150783524,0.23883415854218773,0.051222500127609615,0.0,0.015568373232606809,0.00020417538665713848,0.0,0.00564034505640345,0.927364606196723,101005.0,0.13936933815157665,0.2712637988218405,3.9601999900995e-05,0.14779466363051333,0.3926736300183159,0.0458987178852532,0.0,0.01442502846393743,0.0001386069996534825,0.0,0.003682985990792535,0.9358546606603634
TUMOR.9538,9538,TUMOR,4755,9324,0.9306300328751842,77.8090870992309,0,0.28137759630747383,177.65415840897168,4755,169.94128402302556,62.19194920207461,880.5584412271571,0.5099742599742599,1.1299617640083284,0.36596139401681904,0.07706266360322761,0.08007606169448553,0.0,0.002957954785548278,0.0,0.0,0.025776463131206424,0.8911895203887598,42281.0,0.07116671791111846,0.3603982876469336,0.0,0.2728175776353445,0.0,0.014214422553865803,0.0,0.0057945649346041956,0.0,0.0,0.01111610416026111,0.9688749083512689,107439.0,0.14921955714405383,0.3515297052280829,0.0,0.2191476093411145,5.584564264373272e-05,0.03175755545006934,0.0,0.012248810953192043,0.0,0.0,0.008553690931598395,0.9474399426651402
TUMOR.9550,9550,TUMOR,5243,7874,0.6349207920283526,81.70431404183293,1,0.48145087235996326,115.7410903698423,5243,107.0875924860906,82.73343636975353,698.3746750430835,0.6658623317246635,1.311811671542132,0.7725772374656721,0.13508675120462516,0.1998853430154787,0.0,0.014905407987769922,0.0,0.0,0.0,0.7852092489967514,35914.0,0.10834215069332294,0.2209723227710642,0.0,0.012362866848582725,0.5263128584952943,0.03188171743609734,0.0,0.02105028679623545,8.353288411204544e-05,0.0,0.001336526145792727,0.8139722670824748,95556.0,0.0947193268868517,0.15028883586587968,0.0,0.025733601239064003,0.5150801624178493,0.024582443802586965,0.0,0.013625518020846415,0.0002511616225040814,0.0,0.0015592950730461718,0.7473000125580811
TUMOR.9695,9695,TUMOR,6104,8912,0.8693511119003553,88.15812033535784,1,0.5279363431932191,144.5441109142811,6104,142.61971888487045,70.48194421305843,768.1320343559643,0.6849192100538599,1.2059124871658176,0.4941949455808062,0.13000277842207933,0.09861932938856016,0.0,0.003780407626561473,0.0004930966469428008,0.0,0.026298487836949377,0.8708086785009862,39191.0,0.06552524814370646,0.3892985634456891,0.0,0.2537062080579725,0.11768007961011456,0.012247709933403078,0.0,0.004541859100303641,0.0006123854966701539,0.0,0.012783547242989461,0.9698144982266337,102191.0,0.09040913583387969,0.3502852501688016,0.004354590913094108,0.2608840308833459,0.1880693994578779,0.02146960104118758,0.0008709181826188216,0.010891370081514027,0.004061022986368663,9.78559755751485e-05,0.012222211349336046,0.9503870203833997
TUMOR.9737,9737,TUMOR,11838,23361,0.7187692232107994,122.77055726262245,-3,0.39166253101736975,196.5400722499104,11838,203.75176488212614,141.65815682433947,2083.5443353460337,0.5067420059072814,1.381393559197983,0.6952487351768026,0.03426752255758214,0.09517144856543037,0.0,0.02344296710986704,0.0,0.0,0.002974107767669699,0.8784114765570329,58531.0,0.09324973091182451,0.5263877261622046,0.00011959474466522015,0.04556559771744887,0.1604619774136782,0.028600228938511215,0.0,0.07117595803932959,0.0,0.0,0.01199364439356922,0.795561326476568,133502.0,0.09770640140222618,0.49014996030022023,0.0006366945813545865,0.033400248685412956,0.13516651435933544,0.026973378675974893,0.0,0.048561070246138635,0.00010486734281134365,0.0,0.01262153375979386,0.7958607361687465
TUMOR.9762,9762,TUMOR,4244,7439,0.9208701718245529,73.50937782253385,1,0.40265654648956356,157.33403954643762,4244,146.16047612816277,56.98349293061496,612.4751801064718,0.5705067885468477,1.2700439718141108,0.3898693712563458,0.1421700941723482,0.14623198677061186,0.0,0.010630758327427357,0.0004724781478856603,0.0,0.0,0.8426647767540751,38135.0,0.20999082207945458,0.423574144486692,0.0,0.003907171889340501,0.36252786154451294,0.0726366854595516,0.0,0.02197456404877409,0.00018355841090861413,0.0,5.244526025960404e-05,0.9051527468205061,100597.0,0.317206278517252,0.35061681759893437,0.0,0.003956380408958518,0.32822052347485514,0.10333310138473314,0.0,0.016491545473523068,0.0002783383202282374,0.0,0.00015905046870184995,0.8797379643528137
TUMOR.9824,9824,TUMOR,5469,8332,0.7855130770947165,83.44667201366754,-1,0.4688786008230453,123.10970717209915,5469,124.59285100668922,77.10367009777148,708.0315292925759,0.6563850216034566,1.300138070375284,0.6188450579209548,0.13709215145906384,0.14844036697247706,0.0,0.005504587155963303,0.0,0.0,0.002018348623853211,0.8440366972477065,36764.0,0.2115112610162115,0.2764933086715265,0.0,0.028288543140028287,0.3958764008268959,0.07257099336307257,0.0,0.012702643890762703,0.000272005222500272,0.0,0.0006256120117506256,0.825998259166576,96912.0,0.20629024269440316,0.25556174673930987,8.254911672445105e-05,0.016809063893016344,0.3811705464751527,0.07304564966154863,0.0008151725276539541,0.01814016840019812,0.0018367178471190358,0.0,0.0007738979692917285,0.7653025425127951
TUMOR.9886,9886,TUMOR,4704,9528,0.9764262454583704,77.39068948157914,1,0.40205128205128204,197.29419656948858,4704,230.2631376983338,49.70259946424186,839.8721497261417,0.49370277078085645,1.19193793233535,0.2158513080341887,0.08380131172740057,0.08567774936061381,0.0,0.0025575447570332483,0.0017050298380221654,0.0,0.0034100596760443308,0.9066496163682864,44463.0,0.1610552594291883,0.499201583338956,0.0015968333220880283,0.034478105390999256,0.06706699952769718,0.04383419922182489,0.0,0.009580999932528169,0.00013494366102152351,0.0,0.005082877898477386,0.9400175426759328,112628.0,0.1328266505664666,0.5975601093866534,0.0006303938629825621,0.03300245054515751,0.08574244415243101,0.029362147956103278,0.0,0.018814149234648577,5.327272081542778e-05,0.0,0.0033117874773590937,0.9349362503107576
TUMOR.9956,9956,TUMOR,5586,9691,0.9117133669185629,84.33454865528492,1,0.411037527593819,154.5639026422405,5586,158.22263083309363,65.00211193720551,743.1381310103741,0.5764111030853369,1.2116006956070644,0.4108268936937039,0.1271076541550724,0.15724286483575659,0.0,0.004487524681385748,0.0,0.0,0.0,0.8382696104828576,40567.0,0.046737495994281064,0.5884092981980428,0.0,0.0038454901767446445,0.36100771563093154,0.020188823427909383,0.0,0.021495304064880323,0.00029580693667266496,0.0,0.00014790346833633248,0.9578721621022013,104070.0,0.10857115403094071,0.590958009032382,0.0,0.004746805035072547,0.28710483328528874,0.04039588738349188,0.0,0.021110790813875277,0.00032670318055155186,0.0,0.00016335159027577593,0.9380032670318055
TUMOR.10013,10013,TUMOR,93174,221046,0.8984268419617522,344.4311561708,-11,0.24541496448128453,722.1204885612926,95241,799.4002672415019,351.0352260640904,9605.25154725758,0.4215140739936484,1.4229029679853897,0.43912322831140777,0.012690745025179572,0.14140037140004938,0.0,0.009714365453354945,0.0003864277970395337,0.0,0.0006118440119792617,0.8478869913375768,216934.0,0.10735523246701761,0.5233757732766648,0.00014290060571418034,0.026349027814911448,0.3122654816672352,0.03464187264329243,0.000175168484423834,0.02611393327002683,0.0013414218149298866,0.0,0.004983082412162224,0.9327445213751648,392348.0,0.1331904329829641,0.4795742555078655,0.0001503767063933039,0.027806946894083823,0.3267915218122687,0.04514359701081693,0.00025232701581249297,0.024880973013753097,0.0012565375635915056,0.0,0.006088982230061068,0.9223775831659649
TUMOR.10045,10045,TUMOR,35621,66003,0.8946560505863569,212.96494036111022,-1,0.3894026848572303,404.6047453997543,35621,391.0965628960462,174.72457305676642,2886.581961293019,0.5396875899580322,1.2902204226257625,0.44675558323228826,0.05372150672057157,0.1443817226949757,0.0032858707557502738,0.010615890133962424,0.008621900188165249,0.0,0.009155503131406745,0.8239391130957396,97974.0,0.10020005307530569,0.35198113785289975,0.0021332190172903016,0.1345561067221916,0.2059423928797436,0.038847041051707595,0.0008063363749566211,0.022230387653867353,0.003562169555188111,5.103394778206463e-05,0.023914507930675486,0.8869087717149448,203724.0,0.11985333097720445,0.3144352162729968,0.0011240698199524847,0.12604798649152776,0.23395378060513244,0.03969095442854057,0.0010308063851092654,0.018662504172311557,0.003028607331487699,2.4543009169268225e-05,0.017616971981700733,0.8355471127604013
TUMOR.10089,10089,TUMOR,22331,33408,0.3925976872304346,168.62002334681642,1,0.472054284868727,229.8978033822855,22331,202.27914674064098,186.03821693803076,2036.6803743153546,0.6684327107279694,1.3407374332291448,0.9197103109030113,0.06765069748548742,0.19083251187382383,0.0037637781163186667,0.011380948113630253,0.002195537234519222,0.0,0.0009857514114167936,0.7908414732502912,64600.0,0.183297213622291,0.3229721362229102,0.0002786377708978328,0.014380804953560372,0.4789938080495356,0.06574303405572755,0.0005108359133126936,0.025696594427244583,0.003947368421052632,0.0,0.0007585139318885449,0.903343653250774,147068.0,0.2164916909184867,0.3391016400576604,0.00022438599831370524,0.0122528354230696,0.4171131721380586,0.07452334974297604,0.0009179427203742487,0.02452606957325863,0.0026858324040579867,0.0,0.0008295482361900617,0.8819253678570457
TUMOR.10114,10114,TUMOR,9503,20642,0.9547192079329538,109.99816086470834,0,0.23508311893924402,275.506805723561,9503,276.64983968578235,82.3056446249435,1497.2762620207482,0.46037205697122374,1.2733426795917242,0.2975083763591762,0.05326803969531406,0.17615433270082226,0.002108370229812355,0.020767446763651696,0.0014758591608686486,0.0,0.00031625553447185326,0.7991777356103732,61926.0,0.18476891774052903,0.3606885637696606,0.000403707651067403,0.009769725155831153,0.4416400219616962,0.07479895358976843,0.0012757161773729936,0.026677001582533992,0.004666860446339179,0.0,0.0010334915867325517,0.8888189128960372,142370.0,0.22987989042635387,0.3136124183465618,0.0006110837957434853,0.010374376624288825,0.38133033644728526,0.07936362997822576,0.0019386106623586429,0.020790896958628926,0.0034557842242045377,0.0,0.0008007304909742221,0.829584884455995
TUMOR.10249,10249,TUMOR,5367,7818,0.7721495289933892,82.66484522814773,-2,0.47859818084537187,127.27922061357856,5367,118.83615011356497,75.51334714008773,798.9432175380073,0.6864927091327705,1.3379318428409037,0.6354408744134163,0.10565976265964698,0.12208325555348143,0.0,0.0,0.0,0.0,0.0,0.8779167444465186,36196.0,0.0892640070726047,0.644187203005857,0.0,0.005304453530776881,0.030086197369875126,0.028981102884296606,0.0,0.009089402143883303,0.0,0.0,0.00044203779423140677,0.9614874571775887,96296.0,0.11479189166735898,0.6514912353576473,0.0,0.028422779762399267,0.06892290437816732,0.034477029160089726,0.0,0.010581955636786575,0.0,0.0,0.0011111572650992772,0.9538298579380244
TUMOR.10348,10348,TUMOR,5757,15438,0.7662282834566445,85.6156531192768,-2,0.25813828356201235,195.43796969882797,5757,163.70804499894237,105.19362532566328,1312.9259735953042,0.3729109988340459,1.438070155434457,0.6425684536538377,0.04196870931809543,0.029596100278551533,0.0,0.0008704735376044568,0.0,0.0,0.0005222841225626741,0.9690111420612814,51922.0,0.1389006586803282,0.49832440969146025,0.0,0.11353568814760602,0.0,0.032336966988944955,0.0,0.0027348715380763455,0.0,0.0,0.007549786217788221,0.9573783752551904,123237.0,0.1724238662090119,0.5330460819396772,0.0,0.0942655209068705,0.009867166516549413,0.03727776560610856,0.0,0.0048037521198990565,0.0,0.0,0.0074409471181544505,0.950477535155838
TUMOR.10416,10416,TUMOR,4742,7857,0.7956278857968764,77.70265066993623,0,0.36187423687423687,127.6401190848708,4742,117.6330779060005,71.2604318808866,652.6761902332486,0.60353824614993,1.2036754938730494,0.6057856612221789,0.1398865225040435,0.05009511731135067,0.0,0.0004227436060029592,0.0,0.0,0.0004227436060029592,0.9490593954766434,37761.0,0.11556897327930934,0.4294112973703027,0.0001853764465983422,0.03426816027117926,0.14366674611371522,0.02115939726172506,0.0,0.004581446465930458,0.0,0.0,0.004025317126135431,0.9702338391462091,99598.0,0.1404245065161951,0.38405389666459167,7.028253579389145e-05,0.10670897005963975,0.202363501275126,0.026165184039840157,0.0,0.005050302214903914,2.0080724512540414e-05,0.0,0.007459989156408763,0.9613044438643347
TUMOR.10501,10501,TUMOR,198081,459861,0.8942737957830822,502.19972347730913,-21,0.3448101186497326,1069.1234727570056,207869,995.780743684865,445.6320518266698,16927.03696965593,0.43074102826723726,1.4397719419675494,0.4475202544865631,0.008687419601811542,0.18159236633513404,0.0,0.0045791891755439995,7.573080224163175e-05,0.0,0.0010198414701873076,0.812732872216893,320004.0,0.10201747478156523,0.3788358895513806,0.0,0.07143973200334996,0.30897426282171475,0.03666204172447844,0.0,0.0151654354320571,0.00023749703128710892,0.0,0.003906201172485344,0.944028824639692,562916.0,0.12096298559643001,0.3458366790071698,0.0,0.057697773735335287,0.325298978888502,0.0410860590212394,0.0,0.013028586858430032,0.00023626970986790214,0.0,0.0034267990250765657,0.9422222853853861
TUMOR.10502,10502,TUMOR,9320,11987,0.5738102055062824,108.93389076376423,0,0.5917460317460318,147.82760229402356,9320,129.58903778552093,106.1319067451192,773.872149726142,0.7775089680487195,1.3249997331490948,0.818988307643545,0.1955632929635638,0.19229941922994193,0.0,0.0033340503334050335,0.0,0.0,0.0,0.8043665304366531,40778.0,0.2935651576830644,0.3500171661189857,0.0,0.011697483937417234,0.34472019226053263,0.09644906567266663,0.0,0.015081661680317819,0.000294276325469616,0.0,0.0,0.888174996321546,105288.0,0.34174834739001597,0.32978117164349213,0.0,0.008946888534305903,0.319523592432186,0.11077235772357724,0.0,0.015471848643720082,0.0003324215485145506,0.0,2.8493275586961478e-05,0.8733948788086011
TUMOR.10507,10507,TUMOR,111356,316335,0.6391578153197996,376.5406521791887,-16,0.20884275278738945,770.0448038913061,112954,748.030461942498,575.2919805191647,12192.188847609927,0.3520192201305578,1.3975504520551056,0.7690756055912974,0.009413695027148996,0.13303815203333813,0.000377209369162236,0.007229846242276189,0.0002784164391435551,0.0,0.0021465009340422476,0.8569298749820377,287888.0,0.1270841438337131,0.4745838659478686,4.515644973045073e-05,0.06463277385649975,0.2541335519368643,0.03876160173400767,0.0002709386983827044,0.015780442394264436,0.0008128160951481132,0.0,0.009191074306674818,0.9351831267715223,487052.0,0.15098387851810485,0.40801598186641264,5.954189696377389e-05,0.04946083785714872,0.32744758259898327,0.0438454210228066,0.0003059221602621486,0.015248885129308574,0.0008253738820495553,0.0,0.008643840904051313,0.9281596215599156
TUMOR.10522,10522,TUMOR,33977,90610,0.9559987690312595,207.99245181368153,-4,0.1525623122550054,631.4681306289336,33977,617.7901297225961,181.24150806078225,3862.2896808188434,0.3749806864584483,1.2777754404726764,0.29337067612615375,0.028622344635349153,0.13658177535698512,0.00029442072721919626,0.010569704107169144,0.00017665243633151773,0.0,0.0005888414544383925,0.8517886059178567,132771.0,0.14012849191465004,0.4705093732818161,0.0,0.05602126970498076,0.16770981614961097,0.0377943978730295,0.0008812165307183045,0.014995744552650805,0.0003539929653312847,0.0,0.020998561432843014,0.9249760866454271,267891.0,0.17392894871421585,0.4373420532977965,0.0009854754359049016,0.05875524000433012,0.22407621010037665,0.048990074321272455,0.0008585581449171492,0.014670145693584331,0.001552870383850148,1.8664307498198894e-05,0.01217659421182496,0.9217330929370527
TUMOR.10579,10579,TUMOR,5621,9743,0.8004611299713448,84.59834206978498,1,0.37274535809018566,156.28499608087785,5621,142.3838345442276,85.342687298457,781.4873734152916,0.5769270245304321,1.263421765733477,0.5993846673088977,0.11565902273240024,0.1312410841654779,0.0,0.003209700427960057,0.0,0.0,0.0039229671897289585,0.8616262482168331,41173.0,0.1786121973137736,0.44381026400796636,0.0,0.03963762659995628,0.09838972141937678,0.06329390620066548,0.0,0.0100065576955772,0.0,0.0,0.0024530639011002358,0.9242464722026571,105106.0,0.23972941601811504,0.4365783114189485,0.0,0.07128042166955265,0.1038951154073031,0.07114722280364584,0.0,0.008553270032158012,0.0,0.0,0.003615397788898826,0.9166841093752973
TUMOR.10684,10684,TUMOR,4234,4517,0.7264576127043983,73.42272286158202,1,0.704961704961705,92.07062506576133,4234,89.08652844449473,61.22126682726716,284.06601717798213,0.937347797210538,1.1326928775945742,0.6872112753322855,0.6593593261714179,0.22985781990521326,0.0,0.0009478672985781991,0.0,0.0,0.0,0.7691943127962085,28636.0,0.02943846905992457,0.4100083810588071,0.0,0.004819108814080179,0.5555594356753737,0.008520743120547562,0.0,0.01571448526330493,0.0008730269590724962,0.0,0.00041905294035479815,0.9744726917167202,82877.0,0.04656297887230474,0.37181606477068424,0.0003740482884274286,0.0027751969786551155,0.555944351267541,0.018654150126090473,9.652859056191706e-05,0.019909021803395394,0.0017495807039347466,6.033036910119816e-05,0.00024132147640479264,0.9592890669305115
TUMOR.10751,10751,TUMOR,5261,7738,0.8936396711500567,81.84444541232894,1,0.4312295081967213,148.8388390172404,5261,138.94483690448277,62.35638369585132,547.9482681718907,0.6798914448177824,1.1981149155478985,0.4487851804001759,0.22019073873737177,0.17631327602674307,0.0,0.008404966571155683,0.0,0.0,0.006876790830945559,0.8084049665711557,37042.0,0.12007990929215485,0.23584039738675017,0.0,0.19880136061767723,0.0,0.019059446034231414,0.0,0.003050591220776416,0.0,0.0,0.00793693645051563,0.9699530262944766,98734.0,0.16586991309984403,0.2634047035469038,0.0,0.14319282111531995,0.00021269268944841695,0.024601454412866895,0.0,0.005925010634634472,0.0,0.0,0.005499625255737639,0.963973909696761
TUMOR.10772,10772,TUMOR,4189,6941,0.8998183550033855,73.03150315374589,0,0.44811724433033806,133.96268137059664,4189,134.83942437925782,58.825687134347916,561.7056274847714,0.6035153436104308,1.330320994894479,0.4362647453083981,0.1668409578747408,0.1549735703988467,0.0026429601153291687,0.005285920230658337,0.0004805382027871216,0.0,0.0,0.8366170110523786,35795.0,0.2805140382735019,0.3156586115379243,0.0,0.004833077245425339,0.3989942729431485,0.0945942170694231,0.0013130325464450342,0.021679005447688224,0.00226288587791591,0.0,0.0003631792149741584,0.8797876798435535,95583.0,0.26164694558655827,0.32597846897460847,8.369689170668425e-05,0.006915455677264786,0.3990040069886905,0.08659489658202818,0.0007218856909701516,0.02007679189814088,0.0025736794199805405,0.0,0.002008725400960422,0.8880240210079198
TUMOR.10930,10930,TUMOR,8996,16672,0.9501704008104253,107.0236560038832,-2,0.23878536922015184,255.48581173912575,8996,258.03696438339796,80.43811807303092,1492.8326112068523,0.5395873320537428,1.2723840264523723,0.31173098887302786,0.05072675523113773,0.0779336450679136,0.0,0.0013360053440213762,0.0,0.0,0.002338009352037408,0.9183923402360276,55816.0,0.26030170560412785,0.44662820696574457,0.0,0.1317543356743586,3.5832019492618604e-05,0.04185179876737853,0.0,0.004156514261143758,0.0,0.0,0.02280708040705174,0.9311846065644259,133022.0,0.23528438904842808,0.43128204357174,0.0,0.08483559110523071,0.12347581603043106,0.04496248740809791,0.0006615447068905895,0.010178767421930208,0.00018793883718482658,0.0,0.014148035663273745,0.9298612259626228
TUMOR.11206,11206,TUMOR,7710,9915,0.8492997786580329,99.0791445759808,1,0.48822188449848025,170.0,7710,146.12913317337353,77.14315773002396,606.2741699796952,0.7776096822995462,1.1262567964447443,0.527910869343885,0.26358828876284285,0.23898635477582847,0.0,0.0049382716049382715,0.0007797270955165692,0.0,0.0,0.7552956465237167,40006.0,0.06968954656801479,0.2712843073538969,0.0005249212618107284,0.002149677548367745,0.6563515472679098,0.029070639404089386,0.0,0.02704594310853372,0.0013497975303704444,0.0,0.000274958756186572,0.9422586612008199,104561.0,0.09741681889040847,0.3073421256491426,0.00034429663067491703,0.00373944396094146,0.5911573148688325,0.03793957594131655,0.0,0.02626218188425895,0.0010998364591004294,0.0,0.000889432962576869,0.9338089727527472
TUMOR.11297,11297,TUMOR,4684,6052,0.6476414782877203,77.22599321173864,0,0.5365406643757159,106.92988356862641,5461,105.58995853356417,80.45376399898198,493.16147160748716,0.7739590218109715,1.2138285801414859,0.7619452182416373,0.24201844750334597,0.27806341045415595,0.0,0.0006426735218508997,0.0,0.0,0.00021422450728363326,0.7210796915167095,32653.0,0.07325513735338254,0.3088230790432732,0.0,0.027654426852050346,0.5897773558325422,0.025816923406731387,0.0,0.010473769638318071,0.000183750344531896,0.0,0.0009800018375034454,0.9625455547729151,90036.0,0.18889111022257762,0.30595539561952995,0.0,0.022613176951441646,0.48200719712115153,0.05753254253854014,0.0,0.015482695810564663,0.0002554533742058732,0.0,0.0011773068550357635,0.9255520014216536
TUMOR.11371,11371,TUMOR,19465,30786,0.9300500637181981,157.42810339412065,1,0.4188273265196342,327.8322741891042,19465,299.9617830782721,110.21580456897209,1951.6265504461921,0.6322679139868772,1.236287073334588,0.3674328224012869,0.06422007916627252,0.15414674276312407,0.0013882461823229986,0.00498740295130855,0.0004113322021697774,0.0,0.003907655920612885,0.8351586199804617,69569.0,0.10467305840244936,0.457315758455634,7.1871092009372e-05,0.05072661674021475,0.16684155299055614,0.02892092742457129,0.0,0.027196021216346362,0.00037372967844873437,0.0,0.033937529646825455,0.9095717920338081,157126.0,0.10556496060486488,0.39507147130328524,3.182159540750735e-05,0.0285757926759416,0.20788411847816402,0.029326782327558774,0.0,0.026946526991077226,0.0002545727632600588,0.0,0.017559156345862557,0.9259129615722413
TUMOR.11377,11377,TUMOR,5564,7792,0.9057729415557133,84.16831248698317,1,0.5211689771449981,158.39823231336896,5564,143.0533188904258,60.620753901946586,620.5756851698602,0.7140657084188912,1.2220422668018176,0.42376335181975133,0.1815546909032924,0.2329310034228067,0.0,0.007566204287515763,0.0014411817690506215,0.0,0.0,0.7580616105206269,37874.0,0.21083064899403284,0.3968421608491313,0.0,0.015657179067434124,0.3766436077520199,0.09019380049638274,0.0,0.02075302318213022,0.00026403337381845064,0.0,0.0,0.8887891429476685,99959.0,0.23826768975279863,0.3531547934653208,0.0,0.024700127052091358,0.383497233865885,0.08504486839604238,0.0,0.016896927740373553,0.00015006152522534238,0.0,0.0009603937614421913,0.8969477485769165
TUMOR.11444,11444,TUMOR,189408,369093,0.7010379538820192,491.0822290504898,-40,0.44149505262053773,857.6788443234449,224315,739.4933351204091,527.3504180705132,17508.944653288003,0.5131714771073957,1.4617945041621818,0.7131239634291586,0.007764048551391245,0.11973262512077805,0.0,0.0011827008875536572,0.0,0.0,0.0008447863482526122,0.8782398876434157,270137.0,0.04308184365710732,0.5047957147669516,0.0,0.045817492605603825,0.21567945153755316,0.02145948167041168,0.0,0.011682960868004013,0.00023321499831566945,0.0,0.0014770283226659066,0.9651473141406027,472073.0,0.08024394532201587,0.42966659817443487,0.0,0.03246108123108079,0.2841382582778511,0.03151419377935192,0.0,0.013811423233271126,0.0002902093532144393,0.0,0.0012095586911346338,0.9531746149430279
TUMOR.11453,11453,TUMOR,13850,30953,0.9648795440060597,132.7944565657091,1,0.3620063253090776,334.83279409281283,13850,335.65588532170557,88.17435776599957,1447.8792924010781,0.44745258940975025,1.1945975803581919,0.262692720794959,0.08302233116817569,0.18182484964060436,0.0,0.002273727446090656,0.0,0.0,0.002787149772627255,0.8131142731406777,73857.0,0.10535223472385827,0.20272959909013363,4.0619034079369594e-05,0.06744113624977999,0.004305617612413177,0.02900199033266989,8.123806815873919e-05,0.0025860785030531975,0.0,0.0,0.01127855179603829,0.8333130238162937,164480.0,0.16636065175097275,0.1686831225680934,0.0002857490272373541,0.06292558365758755,0.01814810311284047,0.05020671206225681,0.0001641536964980545,0.003945768482490272,0.00017023346303501945,0.0,0.013132295719844358,0.7863205252918288
TUMOR.11526,11526,TUMOR,15504,18916,0.8382850938801014,140.5001989378448,-1,0.5338842975206611,223.9732126840172,16140,202.4330600328751,110.37301329254046,952.6244584051392,0.8196235990695707,1.1874836941540357,0.5452321536542297,0.2146891854647007,0.23255663848189506,0.0,0.0016136319628219196,0.0,0.0,0.005486348673594527,0.7603433808816885,49617.0,0.12132938307434951,0.35939294999697685,0.0,0.02271398915694218,0.4962210532680331,0.045569058991877784,0.0,0.02202874014954552,0.00010077191285244976,0.0,0.0019952838744785053,0.9303061450712458,123091.0,0.2122738461788433,0.3388224971768854,0.0,0.015330121617340016,0.43312671113241424,0.07499329764158225,0.0,0.016930563566792046,0.0002518461950914364,0.0,0.000974888497128141,0.9068494040994062
TUMOR.11605,11605,TUMOR,8661,15977,0.8899884413540002,105.01203596231836,1,0.345169775227164,207.69448716805172,8661,208.07418067587153,94.87830691613976,1088.9259735953042,0.5420917569005446,1.2121331150275019,0.4559830854936147,0.09178700281166752,0.1615962984384037,0.0,0.0024291497975708503,0.0002313475997686524,0.0,0.0,0.8357432041642568,50537.0,0.18701149652729684,0.35465104774719514,0.0,0.018105546431327543,0.43963828482102224,0.06893958881611492,0.0,0.016601697765993233,9.893741219304668e-05,0.0,0.0020183232087381524,0.9123414527969607,123139.0,0.24460162905334623,0.34461056204776713,0.0,0.01863747472368624,0.3917199262621915,0.09187178716734747,0.0,0.01678590860734617,0.00025174802459009736,0.0,0.001526729955578655,0.8895638262451376
TUMOR.11690,11690,TUMOR,6773,8727,0.8129140961871936,92.86361739934136,1,0.47195317399484354,138.3979768638256,6773,133.80725948034075,77.92715516770714,701.8305191657993,0.7760971697032198,1.2817897299689285,0.58238361259582,0.17279311758563698,0.16962699822380106,0.0,0.0014801657785671995,0.0002960331557134399,0.0,0.0,0.8285968028419183,37615.0,0.28004785325003323,0.38543134387877176,5.317027781470158e-05,0.0061411670875980325,0.3280606141167088,0.10062475076432274,0.0,0.02124152598697328,0.00042536222251761266,0.0,0.00015951083344410474,0.8775488501927422,99485.0,0.28711866110468914,0.3634316731165502,2.010353319595919e-05,0.007739860280444288,0.3415288736995527,0.10658893300497563,0.0,0.02159119465246017,0.000472433030105041,0.0,0.00024124239835151027,0.8711061969141076
TUMOR.11811,11811,TUMOR,12614,22798,0.6730466007235071,126.73059463795371,1,0.35128662136571237,204.50183373260984,12614,198.1444833795027,146.54767507835606,1656.6559876977149,0.5532941486095272,1.3474971591586182,0.7396000765647148,0.057756121540578395,0.2053479330318178,0.0,0.007537887804490994,0.00015869237483138936,0.0,0.0,0.7869554867888598,57483.0,0.15585477445505627,0.4772889375989423,0.0,0.010176921872553625,0.3565401944922847,0.057112537619818035,0.0,0.026112067915731608,0.0006262721152340692,0.0,3.479289529078162e-05,0.9161143294539255,132868.0,0.22977692145588102,0.39798898154559414,0.0,0.020320920010837823,0.35128097058734986,0.0821793057771623,0.0,0.019658608543817926,0.00041394466688743717,0.0,0.00038383960020471446,0.8973643014119276
TUMOR.11862,11862,TUMOR,5940,7653,0.8352663467300392,86.96575702957381,0,0.6357020547945206,130.64838307457157,5940,128.56288114498125,70.68972822899764,593.0609665440988,0.7761662093296746,1.2239523946312172,0.5498455510597988,0.21222553004019598,0.13207228508697855,0.0,0.025502448910656984,0.0,0.0,0.0,0.8424252660023644,36015.0,0.11578508954602248,0.580230459530751,0.0,0.04986811050950993,0.12558656115507427,0.02948771345272803,0.0,0.06711092600305428,0.00011106483409690407,0.0,0.013466611134249618,0.8898236845758711,96592.0,0.11027828391585225,0.4424279443432168,0.0,0.04360609574291867,0.17789257909557726,0.023407735630279942,0.0,0.041442355474573464,0.000217409309259566,0.0,0.017620506874275303,0.9173119927116117
TUMOR.11922,11922,TUMOR,6106,9189,0.7454323092978861,88.17256183276578,1,0.41480978260869567,149.01342221424215,6106,131.89371124159385,87.9178857301481,630.7594513539337,0.6644901512678202,1.275849325226054,0.666581332062953,0.19285865359599044,0.2140160840308551,0.0016412276382734286,0.007385524372230428,0.0,0.0,0.0008206138191367143,0.7761365501395043,40017.0,0.17625009371017317,0.23754904165729565,0.0,0.01082040132943499,0.07539295799285303,0.06607191943424044,0.0,0.007921633305845015,0.0,0.0,0.0027738211260214408,0.9214833695679336,103774.0,0.17312621658604274,0.18918033418775415,0.0,0.02662516622660782,0.07738932680632914,0.06169175323298707,3.854530036425309e-05,0.005589068552816698,0.0,0.0,0.004114710813884017,0.8544529458245803
TUMOR.11941,11941,TUMOR,8470,13373,0.749398288482717,103.84767182708926,0,0.3893178893178893,161.54875425084526,8470,152.3886413960094,100.89948793271418,1143.3940110268397,0.6333657369326254,1.2785555556351242,0.6621194795648098,0.08141444153377692,0.16980016554333688,0.0,0.008158921603405462,0.0,0.0,0.00023649048125812936,0.8218044223719996,44659.0,0.1341274994961822,0.4513311986385723,0.0,0.018204617210416715,0.395306657112788,0.0625853691305224,0.0,0.021630578382856758,0.00017913522470274748,0.0,0.00040305425558118184,0.9152018630063369,111405.0,0.16985772631389973,0.4285804048292267,0.0,0.018562901126520353,0.38227189084870516,0.07425160450608141,0.0,0.01964005206229523,8.976257798123962e-05,0.0,0.00020645392935685113,0.9058121269242853
TUMOR.12014,12014,TUMOR,7701,18094,0.8837220810256414,99.0212993956628,1,0.32742346938775513,208.58091954922435,7701,216.6667244059944,101.40263891214346,1243.796031280393,0.42561069967945175,1.2354304801626816,0.4680120548743479,0.06255451394929094,0.07256176853055916,0.0,0.03472041612483745,0.0,0.0,0.0,0.8927178153446034,54994.0,0.11064843437465906,0.49674509946539624,0.0,0.015056187947776122,0.05573335272938866,0.026093755682438085,0.0,0.03424009891988217,7.273520747717933e-05,0.0,0.0011455795177655744,0.938447830672437,129556.0,0.11425175213807157,0.42332273302664486,0.0,0.026251196393837415,0.10888727654450585,0.025888418907653834,0.0,0.028103677174349317,0.0001929667479699898,0.0,0.00246225570409707,0.9433526814659298
TUMOR.12545,12545,TUMOR,13125,23030,0.7964925412492629,129.27207364566027,-5,0.36342240066454384,236.75514777930383,13742,218.24331094515603,131.96045868746467,1750.6742776609449,0.5699088145896657,1.331071711382744,0.6046483537844878,0.053814396534777785,0.17339232588298115,0.0009154016324662446,0.0028224883667709207,0.0,0.0,0.0,0.8228697841177817,58617.0,0.14896702321852023,0.6091577528703277,0.0,0.013630857942235187,0.08471944998891107,0.05181090809833325,0.0030537216165958682,0.012317245850179981,0.0,0.0,0.0003411979459883652,0.9324769264889026,136012.0,0.15877275534511662,0.6196732641237538,0.0,0.012859159485927711,0.13787754021703968,0.05189983236773226,0.0014557539040672882,0.014844278446019469,0.00019115960356439138,0.0,0.0011763667911654854,0.9304326088874512
TUMOR.12581,12581,TUMOR,4995,13109,0.917635055993408,79.74855187369948,-1,0.31179775280898875,179.12007146045917,4995,227.80072690641555,90.53349564625097,1146.4051583151331,0.3810359295140743,1.4162601129533978,0.39742408584781946,0.04776052516171986,0.10263105041172926,0.0,0.00502108857200241,0.0,0.0,0.0004016870857601928,0.8919461739305081,48357.0,0.1940773827987675,0.6023119713795314,0.0,0.020803606509915834,0.005025125628140704,0.05837831130963459,0.0,0.01025704654962053,0.0,0.0,0.0016130032880451641,0.9297516388526997,116850.0,0.21887034659820281,0.6254685494223363,0.0,0.019811724433033803,0.03983739837398374,0.06509199828840394,0.0007103123662815575,0.012426187419768935,5.134788189987163e-05,0.0,0.003063756953359007,0.9186563970902867
TUMOR.12582,12582,TUMOR,17869,30041,0.9587647071516776,150.8360614205788,1,0.3387359720958447,321.92701036104444,17869,339.33848455003283,96.44035331558138,1649.4955621107547,0.5948204121034586,1.2559028074315564,0.2842010491190309,0.08252923319964828,0.19078465611445952,0.0,0.0027037683771756887,0.0,0.0,0.007885991100095758,0.798625584408269,67483.0,0.07215150482343702,0.3860676022109272,0.0,0.03471985537098232,0.08781470888964628,0.03377146836981166,0.0,0.014937095268437978,7.409273446645821e-05,0.0,0.009883970777825527,0.741371901071381,155605.0,0.0923106583978664,0.34001478101603416,0.0,0.05132225828218888,0.09731692426335915,0.03687542174094663,0.0,0.013142251213007295,3.213264355258507e-05,0.0,0.005758169724623245,0.6937823334725748
TUMOR.13179,13179,TUMOR,10702,22563,0.9187181121494422,116.73135657463983,1,0.29436681703157663,255.068618218706,10702,269.6535073940729,106.48993259122017,1597.8387078612623,0.47431635864025173,1.3635263459455285,0.39491395317026334,0.0526755325562182,0.17623947614593077,0.0,0.005238540692235735,0.0005612722170252573,0.0,0.0,0.8179607109448083,61820.0,0.0886282756389518,0.29192817858298287,0.0,0.003639598835328373,0.614331931413782,0.06523778712390813,0.0,0.023293432546101587,0.0010676156583629894,0.0,0.0008411517308314461,0.9080879974118409,141169.0,0.07641904384106993,0.2717735480169159,0.0,0.01848139464046639,0.5036587352747416,0.05382909845645999,0.0,0.019586453116477415,0.0010413051023950017,0.0,0.0010058865614972125,0.7950470712408532
TUMOR.13184,13184,TUMOR,27139,41888,0.910094257460327,185.88826752801688,0,0.3854971590909091,401.0498722104272,27139,347.34875144165943,143.94177628653853,1571.1879502661798,0.647894385026738,1.158807238497559,0.4144013061486848,0.1381488981783676,0.25909543293154924,0.00014744369493899516,0.005344833941538575,0.0008109403221644735,0.0,0.00040547016108223675,0.7341958789487265,79356.0,0.07344120167347144,0.2877287161651293,1.2601441604919602e-05,0.0022934623720953676,0.6253087353193205,0.03915267906648521,0.0004032461313574273,0.030104843994152933,0.000919905237159131,0.0,6.300720802459801e-05,0.9181410353344422,178302.0,0.06810916310529326,0.2197002837881796,5.6084620475373245e-06,0.005507509730681652,0.5482944666913439,0.03506971318325089,0.00021312155780641833,0.02433511682426445,0.001020740092651793,0.0,0.00037576695718500073,0.7806137900864825
TUMOR.13194,13194,TUMOR,6212,7666,0.7877640633630957,88.93460548006513,1,0.5342277261781906,127.00393694685216,6212,118.97381704777632,73.28514610079179,461.3208511739212,0.8103313331594052,1.119415900068428,0.6159770941144359,0.366804911102899,0.24507269789983846,0.0,0.006462035541195477,0.0014539579967689823,0.0,0.0,0.7470113085621971,35449.0,0.04679962763406584,0.3769922987954526,0.0025106491015261362,0.0036108211797229823,0.5589720443453976,0.02471155744872916,0.0,0.034951620638099805,0.0032158876131907813,0.0,0.0005077717283985443,0.9254986036277469,95767.0,0.04715611849593284,0.2799920640721752,0.0009293389163281715,0.0020988440694602525,0.46724863470715383,0.024925078576127475,4.176804118328861e-05,0.025499389142397695,0.0016185115958524336,0.0,0.00041768041183288607,0.7455177670805183
TUMOR.13218,13218,TUMOR,4951,7254,0.4415328131735036,79.3965300626154,1,0.5002020610224288,103.00485425454472,4951,102.387242637037,91.86645206767201,533.3624817342637,0.6825199889716018,1.230006650995734,0.8972451030187304,0.21870457328219986,0.1735252381917697,0.0,0.00628420839245895,0.0010135819987837015,0.0,0.003851611595378066,0.8153253598216096,34526.0,0.022910270520766957,0.14629554538608586,0.0,0.003099113711405897,0.6692927069454904,0.013960493541099461,0.0,0.020187684643457104,0.0010426924636505821,0.0,0.00034756415455019406,0.8060592017609917,92774.0,0.018755254704982,0.10908228598529761,0.0,0.003966628581283549,0.5229482398085671,0.012546618664712097,0.0,0.013990988854635997,0.0007976372690624529,0.0,0.0002479142863302218,0.6271692500053895
TUMOR.13389,13389,TUMOR,4726,5708,0.8911096080098491,77.57145150387724,1,0.5469907407407407,124.84390253432484,4726,122.34020652093255,55.51653348482247,440.79393923934,0.8279607568325158,1.186732700894503,0.45378812954123565,0.3056555967011833,0.23817787418655098,0.0,0.007158351409978308,0.0,0.0,0.0,0.7546637744034708,32664.0,0.026940974773450893,0.3099436688709282,0.0,0.003704384031349498,0.33541513592946365,0.01741978937056086,0.0,0.013776634827332844,0.0002449179524859172,0.0,0.0003367621846681362,0.6442260592701445,90583.0,0.04698453352174249,0.2517028581521919,0.0,0.0063808882461389,0.20364748352339843,0.019782961482838944,0.0,0.009659649161542452,0.00013247518850115363,0.0,0.0002759899760440701,0.4788646876345451
TUMOR.13477,13477,TUMOR,19472,40092,0.9751965791414162,157.456407983553,1,0.24172004568250657,428.3409856644587,19472,457.5642564405755,101.27751690067143,2902.4865068635145,0.4856829292626958,1.362173032303608,0.2213405340891711,0.02904557684546828,0.1643928348260779,0.0,0.0009373047281816288,0.0,0.0,0.00015621745469693814,0.8345136429910436,86658.0,0.033707216875533706,0.490999099909991,0.0,0.007962334695007962,0.27676613815227674,0.03598052112903598,0.0,0.013293637056013293,0.00012693577050012695,0.0,0.0008423919315008423,0.7592028433612592,188268.0,0.041664010878109926,0.41925340472092976,0.0,0.007112201754945078,0.26256719145048546,0.032379374083752945,0.0,0.012476894639556377,8.498523381562454e-05,0.0,0.0008657870694966749,0.6860008073597212
TUMOR.13683,13683,TUMOR,8706,9347,0.5612331689289484,105.28448829938971,1,0.7358012170385395,120.8056290079233,8706,116.59206423581779,96.49832407124414,455.07821048680194,0.931421846581791,1.1158547234239449,0.8276577372887723,0.528270602600361,0.1892488099384651,0.0,0.0030186926738650878,0.0,0.0,0.0,0.8077324973876698,35431.0,0.0580000564477435,0.2513900256837233,0.0,0.00191922327904942,0.47156444921114277,0.03225988541108069,0.0,0.01981315796901019,0.00045158194801162824,0.0,0.0,0.7313934125483333,96224.0,0.07056451612903226,0.2777373628200865,0.00023902560691719323,0.003003408713002993,0.41433530096441634,0.034253408713002996,0.0,0.01891420019953442,0.0009249251745926172,0.0,0.0003013801130695045,0.7124418024609245
TUMOR.13860,13860,TUMOR,13853,21090,0.9484203092710679,132.80883785808913,-1,0.45714945714945715,272.02941017470886,14728,288.25775231185054,91.38221626945159,1501.8620484583748,0.6568515884305358,1.2771366099852073,0.31701564151027617,0.07717801640347455,0.1582863748013293,0.0,0.008813755237682417,0.0,0.0,0.0,0.8328998699609883,58656.0,0.06901254773595199,0.242430441898527,0.0,0.01062124931805783,0.6779357610474632,0.026527550463720677,0.0,0.024669258046917622,0.0004773595199127114,0.0,3.409710856519367e-05,0.9482917348608838,138028.0,0.1015808386704147,0.2578172544701075,0.0,0.01263511751238879,0.6111948300344857,0.036507085518880225,0.0,0.02452400962123627,0.0003912249688469006,0.0,7.969397513547975e-05,0.9218274552989248
TUMOR.14058,14058,TUMOR,13082,30240,0.9810505543832188,129.06013995120801,0,0.21733785220627325,371.51715976519847,13082,436.2727149389755,84.5286798115857,1852.4894654563445,0.4326058201058201,1.3416620234705878,0.19375192836299496,0.04790408120950236,0.13640892022377193,0.0,0.019388458885738372,0.003448540118016706,0.0,0.015326844968963138,0.8254272358035099,73957.0,0.01133090850088565,0.26454561434346985,0.004813607907297484,0.021580107359681976,0.6029855186121665,0.005503197804129427,0.0,0.020106277972335277,0.004962342983084765,0.0,0.004259231715726706,0.8730884162418703,167909.0,0.01122036341113341,0.21711164976266906,0.0021201960585793497,0.015401199459230894,0.6296148509013811,0.006813214300603303,0.0,0.016693566157859316,0.002340553514105855,0.0,0.0020904180240487406,0.8525987290734862
TUMOR.14185,14185,TUMOR,4348,6944,0.8245180961610329,74.40460698443671,-1,0.4918552036199095,118.1185844818672,4348,114.9498977685935,65.04274263441643,690.5756851698602,0.6261520737327189,1.2928197646314417,0.5658355848680654,0.11457156184625567,0.15873382624768947,0.0,0.013632162661737524,0.0,0.0,0.0011552680221811461,0.8264787430683919,34949.0,0.10509599702423532,0.2997510658387937,0.0,0.011788606254828464,0.5833643308821426,0.04266216486880883,0.0,0.031617499785401584,0.0003433574637328679,0.0,0.00037197058571060686,0.925005007296346,93782.0,0.10580921712055619,0.2692947473928899,0.0,0.015152161395576976,0.56660126676761,0.0434944872150306,0.0,0.0327994711138598,0.00025591264848265127,0.0,0.0013755304855942506,0.8810006184555672
TUMOR.14271,14271,TUMOR,4540,6310,0.8969702117982995,76.02964903968477,1,0.45914239482200647,118.44407963254221,4540,127.64955004524843,56.43271533282521,580.8183258569795,0.7194928684627575,1.258394069959688,0.4420909851450419,0.1691161548081335,0.17067785383086775,0.0,0.014131154780304703,0.0,0.0,0.0,0.8151909913888276,33607.0,0.11336923855149225,0.20213050852500966,0.0,0.036659029368881484,0.6478412235546166,0.045258428303627224,0.0,0.02535186121938882,0.000505846996161514,0.0,0.0027375249204034872,0.926146338560419,91668.0,0.08824235283850417,0.18897543308460968,0.0,0.018817908103154864,0.5907623161844918,0.03608674782912249,0.0,0.02378147226949426,0.0002727233058428241,0.0,0.0012872540035781298,0.8255116289217611
TUMOR.14476,14476,TUMOR,4721,7302,0.9261513804133157,77.53040623326247,0,0.4656737028999803,140.46351839534705,4721,146.28223984802634,55.17063727807499,801.8305191657994,0.646535195836757,1.3716911998758663,0.37715198601957534,0.0922738624393389,0.1972818008069654,0.0,0.027181991930346146,0.0008494372478233171,0.0,0.021023571883627096,0.753663198131238,36760.0,0.0455930359085963,0.2763057671381937,0.0,0.008732317736670294,0.5699401523394995,0.02217083786724701,0.0,0.018607181719260065,0.0005712731229597388,0.0,0.015315560391730142,0.9374319912948857,97626.0,0.027431217093806977,0.20521172638436483,4.0972691700981296e-05,0.01585643168827976,0.5255772027943376,0.01235326654784586,0.0,0.009700284760207322,0.0004711859545612849,0.0,0.006524901153381272,0.7891237989879745
TUMOR.14634,14634,TUMOR,14174,21384,0.6659204817895652,134.3387409017823,-1,0.5514316837846249,219.8635940759634,14174,187.3546389806458,139.77081903157634,1405.2935059634513,0.662832023943135,1.2404651596015317,0.7460227288314702,0.09019204076653,0.05570710696338837,0.036826992103374014,0.015506101938262743,0.0,0.0,0.009475951184493897,0.882483847810481,55343.0,0.04137831342717236,0.15906257340585078,0.0004336591800227671,0.01199790398062989,0.3438917297580543,0.011817212655620404,0.004679905317745695,0.010389751188045462,3.6138265001897256e-05,0.0006324196375332021,0.002674231610140397,0.5412427949334152,131301.0,0.028270919490331375,0.10916139252557101,0.0001827861173943839,0.005788227050822156,0.2930442266243212,0.010228406485860733,0.002292442555654565,0.006397514108803437,3.808044112382998e-05,0.0003503400583392358,0.0030083548487825685,0.43417795751745986
TUMOR.14637,14637,TUMOR,7161,11673,0.7043005755624978,95.48648270749374,0,0.38886777083898993,157.8131806916013,7161,137.72442788826143,97.77083222322567,1185.4112549695428,0.6134669750706759,1.4148282925505022,0.709901894110964,0.06403913321762889,0.1210128707330722,0.0,0.014409625069949637,0.00041969781757134864,0.0,0.023363178511471742,0.8407946278679351,43244.0,0.04201738969568033,0.2577004902414208,0.0,0.03468689297937286,0.3595643326241791,0.011076681158079733,0.0,0.02120525390805661,0.00048561650171122006,0.0,0.02509018592174637,0.7475719174914439,108721.0,0.028844473468787078,0.15652909741448295,0.0,0.02127463875424251,0.23142723116969122,0.007588230424664968,0.0,0.013916354706082542,0.0003587163473477985,0.0,0.013060954185483946,0.4721442959501844
