,Identifier.label,Identifier.RegionClass,Size.Area,Size.ConvexHullArea,Shape.Eccentricity,Shape.EquivalentDiameter,Shape.EulerNumber,Shape.Extent,Shape.MaxFeretDiameter,Size.FilledArea,Size.MajorAxisLength,Size.MinorAxisLength,Size.Perimeter,Shape.Solidity,Shape.FractalDimension,Shape.MinorMajorAxisRatio,Shape.Circularity,NuclearComposition.NormalizedPixelCount.CancerEpithelium,NuclearComposition.NormalizedPixelCount.NormalEpithelium,NuclearComposition.NormalizedPixelCount.StromalCellNOS,NuclearComposition.NormalizedPixelCount.TILsCell,NuclearComposition.NormalizedPixelCount.ActiveTILsCell,NuclearComposition.NormalizedPixelCount.UnknownOrAmbiguousCell,NuclearComposition.NormalizedPixelCount.BACKGROUND,Neighborhood.PixelCount.Surround-ALL.Distance-64,Neighborhood.Regions.NormalizedPixelCount.Surround-TUMOR.Distance-64,Neighborhood.Regions.NormalizedPixelCount.Surround-STROMA.Distance-64,Neighborhood.Regions.NormalizedPixelCount.Surround-TILS.Distance-64,Neighborhood.Regions.NormalizedPixelCount.Surround-JUNK.Distance-64,Neighborhood.Regions.NormalizedPixelCount.Surround-WHITE.Distance-64,Neighborhood.Nuclei.NormalizedPixelCount.Surround-CancerEpithelium.Distance-64,Neighborhood.Nuclei.NormalizedPixelCount.Surround-NormalEpithelium.Distance-64,Neighborhood.Nuclei.NormalizedPixelCount.Surround-StromalCellNOS.Distance-64,Neighborhood.Nuclei.NormalizedPixelCount.Surround-TILsCell.Distance-64,Neighborhood.Nuclei.NormalizedPixelCount.Surround-ActiveTILsCell.Distance-64,Neighborhood.Nuclei.NormalizedPixelCount.Surround-UnknownOrAmbiguousCell.Distance-64,Neighborhood.Nuclei.NormalizedPixelCount.Surround-BACKGROUND.Distance-64,Neighborhood.PixelCount.Surround-ALL.Distance-128,Neighborhood.Regions.NormalizedPixelCount.Surround-TUMOR.Distance-128,Neighborhood.Regions.NormalizedPixelCount.Surround-STROMA.Distance-128,Neighborhood.Regions.NormalizedPixelCount.Surround-TILS.Distance-128,Neighborhood.Regions.NormalizedPixelCount.Surround-JUNK.Distance-128,Neighborhood.Regions.NormalizedPixelCount.Surround-WHITE.Distance-128,Neighborhood.Nuclei.NormalizedPixelCount.Surround-CancerEpithelium.Distance-128,Neighborhood.Nuclei.NormalizedPixelCount.Surround-NormalEpithelium.Distance-128,Neighborhood.Nuclei.NormalizedPixelCount.Surround-StromalCellNOS.Distance-128,Neighborhood.Nuclei.NormalizedPixelCount.Surround-TILsCell.Distance-128,Neighborhood.Nuclei.NormalizedPixelCount.Surround-ActiveTILsCell.Distance-128,Neighborhood.Nuclei.NormalizedPixelCount.Surround-UnknownOrAmbiguousCell.Distance-128,Neighborhood.Nuclei.NormalizedPixelCount.Surround-BACKGROUND.Distance-128
TUMOR.4,4,TUMOR,260425,610724,0.8825602515825449,575.8327955558408,-28,0.30525899982183213,1227.96946216101,268772,1145.416934736073,538.5742660194846,23136.344940437997,0.4264201177618695,1.4294279279821722,0.4701993219120537,0.00611368467942598,0.07972723879304705,0.0001616248686797942,0.005325924244115123,0.059143157303327545,0.0210073847172142,0.03383732072146263,0.8007973493521536,420986.0,0.06068610357589088,0.13115400512131045,0.3081337621678631,0.0424669703980655,0.25645983476885215,0.0074087974421952274,0.0010119101347788287,0.009102440461202985,0.08503608195997016,0.028219465730451844,0.011784239855957205,0.7136793147515594,697076.0,0.05545593306899104,0.11618532269078265,0.2527428859980834,0.03698448949612381,0.22209773396301122,0.006297735110662252,0.0007847064021713558,0.009261543934951138,0.06972840838014793,0.021528499044580506,0.00982676207472356,0.6186312539809146
TUMOR.67,67,TUMOR,5597,11476,0.9519736984831981,84.41754398158422,1,0.22018095987411487,220.238507078122,5597,216.66204095407485,66.3375430092652,1133.8549057834389,0.48771348902056466,1.3045196891216955,0.30617981219574386,0.05470792011049198,0.002506265664160401,0.0,0.008055853920515575,0.022914428929466525,0.011099176512710347,0.1577157178660938,0.7977085571070534,48436.0,0.050107358163349575,0.13262862333801304,0.3469939714262119,0.21213560161863076,0.13324799735733753,0.0009084152283425551,0.0006400198199686184,0.008258320257659593,0.05933603105128417,0.03146420018168305,0.04577174002807829,0.7796060781237096,119258.0,0.04605141793422664,0.09879421087054957,0.35728420734877325,0.16614399034027066,0.10002683258146204,0.0013919401633433397,0.0003354072682755035,0.007404115447181741,0.07177715541095775,0.03165406094350064,0.03293699374465445,0.6645088799074276
TUMOR.137,137,TUMOR,4289,13384,0.9457381518293274,73.89806768359449,0,0.20739845261121856,204.38444167793205,4289,229.86601076772138,74.69030744236818,1149.6122650963196,0.3204572624028691,1.3362504036535179,0.3249297588317327,0.04078149412019766,0.014028524666822539,0.0009352349777881693,0.0018704699555763386,0.012625672200140286,0.015665185877951834,0.09632920271218144,0.8585457096095394,50690.0,0.041448017360426116,0.10165713158413889,0.27883211678832115,0.36571315841388835,0.16259617281515093,0.002071414480173604,0.0,0.0051292168080489245,0.03730518840007891,0.030084829354902348,0.0709212862497534,0.8226080094693233,120449.0,0.03724397877940041,0.08506504827769429,0.3160092653322153,0.26028443573628673,0.12255809512739832,0.0022001012876819233,8.302269010120465e-06,0.00534666124251758,0.04829429883187075,0.035135202450829815,0.05291036040149773,0.7425051266511138
TUMOR.402,402,TUMOR,37368,59579,0.8345914892059487,218.124770046099,1,0.4013662434748985,412.62573841194154,37368,367.55446897078053,202.47449320489108,2206.7392488184005,0.6272008593631985,1.2222649580835716,0.5508693548791735,0.09642900366526826,0.07170521190660617,0.0032643576408100034,0.00013832023901737302,0.004536903839769835,0.003292021688613478,0.021107668474051124,0.895955516211132,92026.0,0.03367526568578445,0.007182752700323821,0.298013604850803,0.07404429183056963,0.04831243344272271,0.005281116206289527,0.00236889574685415,0.0006411231608458479,0.007410949079607937,0.026449047008454133,0.043976702236324515,0.5511485884423967,201560.0,0.02736157967850764,0.004609049414566383,0.27284183369716214,0.0645862274260766,0.04036019051399087,0.004738043262552094,0.002391347489581266,0.0005060527882516372,0.009113911490375074,0.03371204604088113,0.029425481246279025,0.5707283191109347
TUMOR.507,507,TUMOR,5450,10060,0.9485346321694318,83.3015937350939,1,0.29632448890822094,178.44046626256053,5450,183.6307343894256,58.15097170222662,843.9726547895302,0.5417495029821073,1.2396090800453141,0.31667341469596194,0.0961500723537397,0.02556086796616403,0.0,0.006987863184994484,0.05737403457153365,0.03972048547260022,0.1344244207429202,0.7359323280617874,42647.0,0.08143597439444744,0.05022627617417404,0.27261003118624993,0.06701526484864118,0.41508195183717495,0.008347597720824442,0.00025793139025019347,0.004689661640912608,0.07306492836541843,0.03278073486997913,0.044528337280465215,0.8194245785166601,108685.0,0.10671205778166261,0.0709113493122326,0.17695174127064453,0.05489257947278833,0.37092515066476517,0.01683765008970879,0.00015641532870221283,0.007866770943552467,0.04676818328196163,0.02269862446519759,0.03971109168698533,0.7260983576390486
TUMOR.521,521,TUMOR,21229,45664,0.9599192079147136,164.40681949111104,-2,0.23710280895739097,424.8588000736245,21229,431.2026119798634,120.85611105171496,3347.4581156325185,0.46489576033637003,1.429950719548731,0.28027685290867116,0.02380724260876252,0.041055856705161445,0.00037709168041480086,0.03742634928116898,0.10398303087438134,0.025642234268206457,0.041951449446146594,0.7495639877445204,90224.0,0.11701986167760241,0.08999822663592835,0.47619258733818054,0.0751130519595673,0.22853121120766093,0.016880209256960453,0.0002438375598510374,0.015339599219719809,0.12987675119702075,0.04240556836318496,0.020837027841815924,0.7744170065614471,192468.0,0.1172974208699628,0.08339048569112788,0.49074651370617456,0.0740538686950558,0.21302762017582144,0.016901510900513332,0.002156202589521375,0.012978780888251553,0.11305775505538583,0.05007585676580003,0.01592992081800611,0.7765083026788869
TUMOR.617,617,TUMOR,5382,11350,0.9072171449882303,82.78028285627349,1,0.2820754716981132,171.32717239247253,5382,183.51681432438767,77.19866653964878,930.7777413171634,0.4741850220264317,1.3049804995735317,0.42066263423247424,0.07806593748462458,0.053330838323353294,0.0,0.03686377245508982,0.008046407185628742,0.0018712574850299401,0.033495508982035925,0.8663922155688623,44834.0,0.09131462729178748,0.2669402685461926,0.12111344069233171,0.16962573047240934,0.13155194718294153,0.013984922157291342,0.0,0.017955123343890798,0.015367801222286658,6.691350314493465e-05,0.06584288709461569,0.7414908328500691,111824.0,0.10848297324366862,0.1824116468736586,0.14985155243954787,0.13996995278294463,0.12136929460580913,0.023599585062240663,0.0001520246101015882,0.013002575475747603,0.017894190871369293,0.001645442838746602,0.06142688510516526,0.6601445128058377
TUMOR.641,641,TUMOR,4468,6679,0.8470451756057118,75.42436135544474,1,0.45461945461945463,128.2653499585917,4468,120.27135844431253,63.92674106313783,573.0193359837563,0.6689624195238808,1.2424410869516942,0.5315209031478337,0.17099541845878594,0.03882405745062836,0.0,0.0210951526032316,0.06373429084380611,0.01526032315978456,0.012118491921005385,0.848967684021544,34707.0,0.07425015126631515,0.09799175958740312,0.4430230212925346,0.007894661019390901,0.37439133316045753,0.006655717866712767,0.0,0.018612959921629642,0.16480825193764947,0.025499178840003456,0.003918517878237819,0.7805053735557669,93446.0,0.10050724482588874,0.1212464953020996,0.3905143077285277,0.01836354686128887,0.3569762215611155,0.009042655651392248,6.420820580870235e-05,0.01947648909530638,0.14916636346125034,0.029375254157481327,0.00965263360657492,0.7832223958221861
TUMOR.661,661,TUMOR,45590,84815,0.9084305000032127,240.92943125420786,-4,0.3314672095390432,543.5678430518126,49773,479.47822715359615,200.4391196596405,5189.434954504154,0.5375228438365856,1.3704841576072597,0.41803591551912495,0.021273517783294477,0.08144060156988632,0.000703590510322992,0.0077834700204481,0.0494052461467426,0.024229898199248038,0.06996328137024252,0.7664739121831095,120707.0,0.09733486873172227,0.08892607719519166,0.21822263828941155,0.09222331762035342,0.3955528676878723,0.013594903361031257,0.0004970714208786566,0.006420505853015981,0.0446701516896286,0.014373648587074486,0.04698981832039567,0.8186600611397847,241730.0,0.11521532288090018,0.1609895337773549,0.20158854920779382,0.09863070367765689,0.26748024655607494,0.016700450916311588,0.0011252223555206222,0.013519215653828652,0.0384354445041989,0.012365035370040954,0.051441691143010795,0.7801638191370537
TUMOR.836,836,TUMOR,103276,160938,0.8231673393541283,362.6225133966018,-13,0.4527742704826038,538.2053511439663,107201,551.3712804359792,313.06797767243796,5141.777054234135,0.6417129577849855,1.2888370107032021,0.5677988476746367,0.04908884221604312,0.2091717078178945,0.0005536039617912611,0.0029391337607826955,0.005888333048143414,5.0327632890114645e-05,0.04134918318251819,0.7400477105959798,144764.0,0.14539526401591557,0.08080738305103478,0.13110994446133017,0.2982785775469039,0.012012655079992263,0.03349589676991517,0.0019410903263242243,0.006334447790887237,0.008013041916498577,0.00026940399546848665,0.13410792738526153,0.5443894890994999,287818.0,0.16474994614652316,0.07716334628133056,0.113189585085019,0.21859994857861564,0.017462424170830177,0.040049614687059185,0.001466204337463258,0.006021166153610962,0.008932728321369755,0.0002188883252611025,0.10025432738744623,0.5213468233397495
TUMOR.918,918,TUMOR,8580,10537,0.8989523299716068,104.51983205989042,1,0.46630434782608693,177.13271860387624,8580,168.15679034591264,73.6604881410028,729.0437226013955,0.8142735123849293,1.1609640474436818,0.4380464683553783,0.20285700171039206,0.11548057502673162,0.052988000475228704,0.022929784959011525,0.040750861352025665,0.0019009148152548414,0.001782107639301414,0.7641677557324462,40879.0,0.1040876733775288,0.1608649918050833,0.13006678245553951,0.014946549573130458,0.2976344822525013,0.021624795127082364,0.0004403238826781477,0.011228259008292767,0.04285819124733971,0.0013698965238875707,0.014971012011057022,0.6782210915139802,106205.0,0.11307377242126077,0.14098206299138458,0.16324090202909466,0.021326679534861823,0.30729250035309075,0.02049809331010781,0.0004142931123770067,0.010479732592627466,0.05056259121510287,0.005931924109034414,0.012758344710701003,0.6909185066616449
TUMOR.979,979,TUMOR,29511,56050,0.9465771247134519,193.84161628680098,0,0.3423549883990719,443.3734317705561,29511,433.8868401255081,139.91874951631527,2212.2022356160523,0.5265120428189117,1.2347723016342098,0.3224775138970376,0.0757781740602065,0.058904915084224,0.055307668361523295,0.006018470478364637,0.02286327003562658,0.006156826121545432,0.002974646328387119,0.847774203590329,95532.0,0.09686806515094419,0.12077628438638362,0.27065276556546497,0.07541975463718963,0.09123644433278902,0.022400870912364444,0.0022714901813005064,0.007944981786207762,0.03971444123435079,0.026137838629987857,0.01512582171419001,0.5808838923083365,203306.0,0.07792195016379251,0.08122731252397863,0.2998583416131349,0.07667752058473434,0.09454713584449057,0.017854859177791112,0.001332966070848868,0.008219137654569959,0.04066776189586141,0.03640817290193108,0.016462868779081777,0.5429598732944428
TUMOR.1065,1065,TUMOR,6189,11339,0.8858651422885476,88.76981211180929,1,0.4054638364779874,172.53985046939155,6189,160.00547509269566,74.23339295925993,732.8183258569794,0.5458153276303025,1.186775063627641,0.46394283018286997,0.14482305481467764,0.016974291364535266,0.0028015820698747526,0.0018127883981542518,0.044166117336849046,0.014172709294660513,0.04070533948582729,0.8793671720500988,43327.0,0.18219585939483463,0.0385440949061786,0.3232857109885291,0.1587693585985644,0.14563666997484248,0.03295866318923535,0.0015232995591663396,0.003623606527107808,0.05294619982920581,0.013755856625199068,0.09562166778221433,0.7008101184019203,109475.0,0.19848367207124915,0.03149577529116237,0.20656770952272208,0.23507650148435716,0.1836675039963462,0.0382735784425668,0.0018999771637360128,0.00324274948618406,0.031998173098881026,0.0069696277688970085,0.12029230417903632,0.7358940397350994
TUMOR.1137,1137,TUMOR,66814,98861,0.624694605938736,291.6680080878518,-5,0.439843585422372,440.96371732830806,66814,384.3274709339061,300.10947044436386,4298.697797726807,0.6758377924560747,1.3075704228155727,0.7808691627353761,0.04543635739317246,0.182361896476729,0.0,0.0022059280432486176,0.008435344559746474,0.0,0.054231653513950165,0.7527651774063258,110923.0,0.11599037169928689,0.03215744255023755,0.1307663874940274,0.3128206052847471,0.0,0.02622539960152538,0.0,0.0027496551661963706,0.016443839420138294,0.0,0.12453684087159561,0.5228942599821498,232401.0,0.16769291009935414,0.027250313036518776,0.12630754600883817,0.2038760590531022,8.605814949161148e-06,0.0473793142026067,0.00010757268686451435,0.0022159973494089956,0.01657910249955895,9.036105696619206e-05,0.07418642776924368,0.4838920658689076
TUMOR.1149,1149,TUMOR,16386,29605,0.7445149956176071,144.4413485814584,-2,0.38526286090473055,242.8373941550189,19104,227.2029041543709,151.68196248500246,1889.9108216936543,0.5534875865563249,1.3294260086207492,0.6676057379176085,0.05765011672034403,0.12025474525474525,0.011363636363636364,0.00842907092907093,0.026036463536463536,0.003558941058941059,0.054757742257742256,0.7755994005994006,65695.0,0.1067965598599589,0.04848161960575386,0.0976330009894208,0.14591673643351855,0.26417535581094453,0.009224446304893828,0.0003805464647233427,0.0032118121622650127,0.02056473095364944,0.00755004186011112,0.06737194611462059,0.7102671436182358,146645.0,0.11295304988236898,0.04879811790378124,0.11516246718265198,0.24124245627194926,0.19679498107674998,0.01786627569981929,0.00030686351392819394,0.003525520815575028,0.021732755975314533,0.0048689010876606775,0.11212792798936207,0.7037676020321184
TUMOR.1153,1153,TUMOR,6851,12062,0.6718841830274301,93.3968100150139,0,0.39321586408770015,173.65770930194836,6851,138.60009161309236,102.65502072922085,931.7300141024109,0.5679820925219699,1.2290870200525585,0.7406562256523351,0.09917076422653501,0.07809873146874523,0.0050435580009170105,0.0036680421824850985,0.040501299098272964,0.009475775638086504,0.01925722145804677,0.8439553721534464,44916.0,0.07863567548312406,0.02077210793481165,0.39366818060379377,0.10722237064743076,0.06859471012556773,0.01732122183631668,0.005321043726066435,0.0052987799447858225,0.03430848695342417,0.037870691958322204,0.023777718407694364,0.5503829370380265,112463.0,0.054008874029680874,0.019215208557481128,0.3695259774325778,0.07470012359620497,0.06106897379582618,0.011692734499346451,0.0031477019108506797,0.003698994335914923,0.028569396156958287,0.05015871886753866,0.022763042067168757,0.4967233667961907
TUMOR.1259,1259,TUMOR,11843,21128,0.8825418851901744,122.79648174234688,1,0.37291391145538133,241.42286552851616,11843,232.6560819832343,109.4027520948383,1664.0813485483816,0.5605357819007951,1.3205230697156576,0.4702337938568144,0.053743071996014365,0.025384405422618505,0.0012737694477299609,0.02620325721044491,0.023291784187062143,0.002092621235556364,0.0015467200436720954,0.920207442452916,58017.0,0.06277470396607891,0.13944188772256408,0.07013461571608322,0.008394091387007257,0.13296102866401227,0.007670165641105194,0.0,0.00941103469672682,0.023062205905165726,0.0037402830204939933,0.002706103383491046,0.4258924108450971,134858.0,0.07031099378605644,0.14062940277921962,0.07533850420442242,0.0168770113749277,0.19364813359237124,0.00975841255246259,2.9660828426937964e-05,0.008772190007266903,0.02957184594165715,0.004827299826484154,0.003774340417327856,0.5294976938705898
TUMOR.1308,1308,TUMOR,7298,12166,0.7193939512094571,96.39555071411344,0,0.4494949494949495,151.43315356948756,7298,140.42511951071862,97.53960975649937,921.3279938488575,0.5998684859444353,1.3185605691885967,0.6946022912165241,0.10804015259524316,0.0896551724137931,0.0,0.008150470219435737,0.027899686520376176,0.0006269592476489029,0.055329153605015675,0.8183385579937305,43164.0,0.0549995366509128,0.15399406913168381,0.07367250486516541,0.03004818830506904,0.035075525901213975,0.008015939208599759,9.266981744045964e-05,0.007436752849596886,0.02057269947178204,9.266981744045964e-05,0.009174311926605505,0.3791122231489204,108267.0,0.07889754034008516,0.13303222588600405,0.053552790785742654,0.0986634893365476,0.14385731571023488,0.01279244829911238,0.0009051696269408038,0.007841724625232065,0.017530734203404546,0.0006742590078232518,0.03629914932527917,0.5300691808214876
TUMOR.1410,1410,TUMOR,92018,199794,0.9704233499591053,342.28782687592064,-10,0.22092096417939114,836.462192809693,92671,950.9523426601646,229.56888064863645,7228.148770684389,0.4605643813127521,1.3022778956636127,0.24140944856021657,0.02213239886382165,0.07529404027228184,0.0007782612984906115,0.006752238871411503,0.026647228403248967,0.002488243869822096,0.0467176007629153,0.8413223865218297,180759.0,0.04098274498088615,0.24604584004115979,0.07157596578870208,0.10175426949695451,0.2259749168782744,0.007103380744527243,3.872559595926067e-05,0.01785803196521335,0.02179697829706958,0.002240552337642939,0.03620289999391455,0.6987093312089577,354254.0,0.03964669417988223,0.17785261422595086,0.04894793001631598,0.08240132786080044,0.23066500307688834,0.006918764502306255,1.9759833339919943e-05,0.014102875338034292,0.012832600337610868,0.0022780265007593422,0.029492962676497654,0.620218826040073
TUMOR.1459,1459,TUMOR,22222,52574,0.7969421930276032,168.20799375506738,-1,0.28457637537137587,366.824208579532,22222,293.78714566959997,177.4637640036035,1821.4011537017761,0.422680412371134,1.2455089975951474,0.6040555777181058,0.08417474174741732,0.09217270838143615,0.0,0.0,0.0,0.0,0.0,0.9078272916185638,92110.0,0.03747692975789817,0.05649766583432852,0.0,0.0,0.10770817500814243,0.00821843448051243,7.599609162957334e-05,0.0005971121485180762,0.00011942242970361524,0.0,0.0,0.6016067745087396,192787.0,0.021303303645992727,0.04878959680891346,0.0,5.187071742389269e-06,0.07027963503763221,0.004341579048379818,9.336729136300684e-05,0.0013538257247635993,0.00012448972181734245,0.0,5.187071742389269e-06,0.36023175836544996
TUMOR.1519,1519,TUMOR,5742,7241,0.22271431812251885,85.50404356443795,1,0.5161812297734628,110.63453348751464,5742,96.18519328995582,93.7693822491077,568.3746750430836,0.7929843944206602,1.2251186503524347,0.9748837533281706,0.22335908114977082,0.12885563058952362,0.007848147472166453,0.010403358277057857,0.01952911115167001,0.0,0.021901806899069173,0.8114619456105129,34341.0,0.1172068373081739,0.09315395591275734,0.01260883492035759,0.0681692437611019,0.3404676625607874,0.01892781223610262,0.0025042951573920388,0.006202498471215166,0.01458897527736525,0.0,0.0361958009376547,0.6687632858682042,93317.0,0.09436651413997449,0.09580247971966523,0.046743894467246055,0.1004532936120964,0.3473857925136899,0.016567184971655755,0.0022289614968333746,0.006290386531928802,0.02045715143007169,0.00024647170397676735,0.04424702894435097,0.6921782740551025
TUMOR.1633,1633,TUMOR,7385,12358,0.9446459052936808,96.96841773417351,1,0.30211912943871705,206.24257562394823,7385,204.16143269850863,66.98365597268298,821.6711395993652,0.5975886065706425,1.2264832563513512,0.3280916238063424,0.13745618858570943,0.0956884561891516,0.018776077885952713,0.013351877607788595,0.04631432545201669,0.0,0.03268428372739916,0.7931849791376913,46848.0,0.1325776980874317,0.07498719262295082,0.1092682718579235,0.18540812841530055,0.257172131147541,0.02454747267759563,0.0015795765027322405,0.008687670765027323,0.036949282786885244,0.0023693647540983607,0.07118767076502733,0.6825905054644809,116421.0,0.12114652854725522,0.07875726887760799,0.091366677833037,0.2021800190687247,0.2523513799056871,0.025098564691937022,0.00122830073612149,0.00803978663643157,0.03521701411257419,0.0014945757208750998,0.08437481210434544,0.6993583631819001
TUMOR.1696,1696,TUMOR,9505,13804,0.9525399985182228,110.00973535423,1,0.5186054124836316,238.41560351621283,9505,232.6679641527234,70.82725869715472,1119.126983722081,0.6885685308606201,1.2722204062295344,0.30441345440519546,0.09536812640295451,0.11593543987269835,0.0,0.00681973175721755,0.018413275744487385,0.0,0.0761536712889293,0.7826778813366674,50690.0,0.19228644703097258,0.03689090550404419,0.12722430459656736,0.19139869796804104,0.0,0.04791872164134938,0.0,0.003689090550404419,0.007397908857762872,0.0,0.10128230420201223,0.4171039652791478,123811.0,0.27616286113511723,0.036087262036491104,0.1594365605640856,0.13550492282592017,0.0015588275678251528,0.07727907859560136,0.0001373060551970342,0.002519969954204392,0.014643286945424881,3.230730710518452e-05,0.07173837542706221,0.473188973516085
TUMOR.1797,1797,TUMOR,10703,19586,0.6387090984518524,116.73681016414851,-1,0.38225,203.60009823180343,10703,159.55117701349516,122.76638203857439,1155.210244842766,0.5464617583988564,1.2246605814432137,0.7694483007680386,0.10078440262699939,0.10395895847449424,0.0037750459781240924,0.01006678927499758,0.080050333946375,0.0,0.03910560449133675,0.7630432678346724,53598.0,0.08522706071122056,0.09116011791484757,0.1678793984850181,0.19164894212470615,0.18401806037538715,0.018732042240382104,0.0015485652449718273,0.008862270980260458,0.055020709727974924,0.0028359267136833463,0.07086085301690362,0.6988507033844547,127592.0,0.09553106777854412,0.06957332748134679,0.17410966204777728,0.24259357953476707,0.2021991974418459,0.020855539532259076,0.0020377453131857795,0.008605555207223023,0.05545802244654837,0.0019123456016051164,0.0825051727381027,0.7546711392563797
TUMOR.1799,1799,TUMOR,52764,93863,0.7004134161223876,259.19338598507125,-9,0.4362463828028111,429.21905829075206,59835,411.941992215453,294.01839792027533,4895.943576475506,0.5621384358053759,1.3403577980768822,0.7137373792339637,0.027661438890086577,0.13844592635546535,0.014869734498612435,0.010748457109721244,0.02969804912396968,4.141987325518784e-05,0.02816551381352773,0.7780308992254483,119346.0,0.06238164664085935,0.11990347393293449,0.10233271328741642,0.12167982169490389,0.11411358570877951,0.016255257821795453,0.0008546578854758434,0.007281350024299096,0.028999715114038174,0.0005111189315100632,0.03473932934492987,0.4979387662762053,236690.0,0.09394989226414298,0.09136000675989692,0.1089399636655541,0.13634712070640922,0.12267100426718493,0.023659639190502346,0.0005703663019138958,0.007245764502091343,0.034390975537623054,0.0006295153998901517,0.04861633360091259,0.5122058388609574
TUMOR.1875,1875,TUMOR,5407,8775,0.7490373566215748,82.97232200187617,1,0.3547900262467192,135.41787178950938,5407,123.12505388082174,81.57376666926615,799.6883835420683,0.6161823361823362,1.3493233621509118,0.6625277642373668,0.10624895292241365,0.12109623964308477,0.0016995963458678563,0.004036541321436159,0.042914807733163376,0.0,0.01763331208837901,0.8126195028680688,38665.0,0.09034010086641665,0.04112246217509376,0.47712401396611925,0.1732574679943101,0.0,0.025656278287857236,0.0005689900426742532,0.0048364153627311526,0.0689253847148584,0.0005431268589163326,0.10071123755334281,0.6186473554894607,100590.0,0.1215130728700666,0.033303509295158566,0.41383835371309274,0.13280644199224576,0.0,0.03316433045034298,0.0009742519137091162,0.004453723034098817,0.05527388408390496,0.000447360572621533,0.08181727805944924,0.5520727706531464
TUMOR.1938,1938,TUMOR,4364,4918,0.9165716030718781,74.5413802744774,1,0.7280613947280614,113.75851616472501,4364,121.52183100365932,48.59300743062544,328.5512985522207,0.887352582350549,1.068370661215107,0.3998705996222373,0.5080286793944526,0.035829122645842905,0.0,0.0,0.0,0.0,0.0,0.9641708773541571,31064.0,0.09445016739634303,0.06402910121040432,0.0,3.219160442956477e-05,0.0,0.006824620139067731,6.438320885912955e-05,0.0013520473860417204,0.0,0.0,3.219160442956477e-05,0.7766868400721092,87667.0,0.0988171147638222,0.09005669179965095,0.0,2.2813601469195935e-05,0.0,0.01643719985855567,0.0002053224132227634,0.005076026326896095,0.00012547480808057764,0.0,1.1406800734597967e-05,0.5514389679126696
TUMOR.2017,2017,TUMOR,8445,14212,0.8893815126336998,103.69430049568032,1,0.4599673202614379,187.66459442313567,8445,189.75058315378035,86.74746807805273,1129.4112549695428,0.5942161553616662,1.300386923197907,0.4571657522008753,0.08319654578285544,0.16474610611624668,0.005824996834240851,0.0032923895150056984,0.021653792579460554,0.0002532607319235153,0.057996707610485,0.7462327466126377,47522.0,0.08455031353899246,0.04421110222633728,0.3907032532300829,0.08467657085139514,0.0,0.026387778292159422,0.002967046841462901,0.007638567400361938,0.05288077101132107,0.0003577290518075839,0.05593198939438576,0.5023147173940491,116482.0,0.09408320598890815,0.028356312563314504,0.35006267062722135,0.06206967600144228,0.0,0.0322367404405831,0.004498549132054738,0.006722068645799351,0.05196511048917429,0.0006095362373585619,0.039662780515444446,0.4498291581531911
TUMOR.2202,2202,TUMOR,14240,24974,0.9177280854974597,134.65114599225927,-1,0.4633305134378864,247.1639132235934,14240,272.5844886441156,108.27307096421147,1934.6143571373725,0.5701930007207496,1.4241015562845583,0.3972092157656558,0.04781135372828029,0.15519850133294905,0.03271129043879242,0.013833849700987102,0.038403343180344406,0.0007205130052597449,0.00562000144102601,0.7535125009006413,62458.0,0.06617246789842775,0.030052195075090462,0.3086394056806174,0.04503826571456018,0.0,0.0332383361619008,0.00225751705145858,0.009398315668128984,0.04657529860065964,0.0006564411284383106,0.033974831086490125,0.5026737967914439,142435.0,0.05995015270123214,0.024558570576052235,0.2334327939059922,0.0719135044055183,0.0,0.026426089093270613,0.0020640994137676835,0.006718854214202969,0.03661319198230772,0.0003229543300452838,0.04305823709060273,0.44958753115456174
TUMOR.2220,2220,TUMOR,7306,12044,0.8496242228482213,96.4483701979204,0,0.3921210820094461,159.22311389996113,7306,160.7167004219453,84.76014718163128,1320.091449816148,0.6066090999667885,1.3319064286809081,0.52738854741979,0.05268433414833103,0.16746277044113514,0.021354313009272267,0.007305422871593144,0.04987355998876089,0.0008429334082607474,0.004074178139926945,0.7490868221410508,43795.0,0.08322867907295353,0.013426190204361229,0.3405639913232104,0.13040301404269894,0.0,0.04306427674392054,0.004475396734787076,0.009635803173878297,0.05827149217947254,0.0007763443315446969,0.05767781710240895,0.5768695056513301,109695.0,0.07034960572496468,0.027640275308810795,0.29539176808423356,0.09869182733944118,0.0,0.034513879392862025,0.004439582478690916,0.011595788322166005,0.05327498974429099,0.0003555312457267879,0.05216281507817129,0.5416290624002917
TUMOR.2223,2223,TUMOR,8693,20313,0.9377140204680608,105.20585232002433,0,0.2716987029223316,250.78476827750126,8693,271.04916759375686,94.16468719325606,1715.9930367938127,0.42795254270664107,1.337147195719846,0.34740814011422544,0.037097829526607874,0.05934855685638113,0.0,0.0004636606004404776,0.0004636606004404776,0.0006954909006607164,0.17584328271705113,0.763185348325026,60110.0,0.1021627017135252,0.009665613042754949,0.11630344368657461,0.3766261853269007,0.16904009316253535,0.010896689402761603,0.0,0.000349359507569456,0.008234902678422891,0.007885543170853436,0.13160871735152221,0.6600399268008651,137227.0,0.10778491113264882,0.029841066262470215,0.09208829166271944,0.28625562024965934,0.18117425871002063,0.012912910724565865,0.00010202073935887252,0.0030606221807661757,0.007666129843252421,0.005764171773776298,0.10543114693172627,0.6214520466089035
TUMOR.2229,2229,TUMOR,5519,9852,0.8807593090365485,83.82725718639114,0,0.389897562698693,149.6562728387955,5519,155.68707510163205,73.727823202224,737.9726547895302,0.5601908241981324,1.2023299541645491,0.4735641873552747,0.12734729338266554,0.09914654076629743,0.0,0.020882513165062646,0.072998002542219,0.005266025059015798,0.059742146359179224,0.7419647721082259,40807.0,0.04322787757002475,0.0796186928713211,0.1514446050922636,0.008160364643320999,0.6273923591540667,0.008650476633910848,0.0,0.015193471708285344,0.07785428970519764,0.00669002867155145,0.0032837503369519934,0.8016026662092288,104536.0,0.037403382566771254,0.0830622943292263,0.09718183209612,0.0075859034208311015,0.5894715696028162,0.00640927527358996,0.0,0.014301293334353716,0.05489018137292416,0.003711640009183439,0.00362554526670238,0.7336037345986072
TUMOR.2269,2269,TUMOR,15069,26593,0.8697607428405734,138.51514971155382,-1,0.42045200892857143,261.6333312099206,15069,245.51118365741908,121.15330164886524,2026.6976182580577,0.5666528785770691,1.3724724400056372,0.49347365706125995,0.04610164080575801,0.07208344406058996,0.0,0.03627424926920011,0.05241828328461334,0.009566834972096731,0.030560722827531226,0.7990964655859687,63145.0,0.09649220049093357,0.11858421094306754,0.2225671074511046,0.01840209042679547,0.5267242061920976,0.01593158603214823,0.0,0.017689444928339536,0.08556496951460923,0.020920104521339772,0.01426874653575105,0.8456251484678122,143317.0,0.08328390909661798,0.11448048731134478,0.2567804238157371,0.03497840451586343,0.49891499263869604,0.01421324755611686,0.0,0.017736904903116867,0.09516665852620415,0.018183467418380235,0.017255454691348548,0.8374442669048333
TUMOR.2400,2400,TUMOR,48316,114068,0.9701395547954784,248.0279053724079,-6,0.18902603626689618,701.2360515546816,48316,668.7260657528814,162.19777266103887,6467.26042303607,0.42357190447803067,1.3901486724078005,0.24254740613173115,0.014516440480167252,0.06304086787296592,0.0005796861413606062,0.006376547554966668,0.009668336714835824,0.004865222972133659,0.08711854581590825,0.8283507929278291,155025.0,0.08020641831962587,0.06976939203354297,0.16252217384292855,0.27060796645702306,0.32621190130624095,0.012733430091920657,0.0,0.008643767134333171,0.019016287695532978,0.012701177229479116,0.07527173036606999,0.8099983873568779,299512.0,0.09409639680547023,0.05954686289697909,0.11344453644595208,0.21246561072678224,0.3369714735970512,0.013264910921766073,2.6710115120596168e-05,0.007018082747936643,0.016834050054755734,0.007912871604476615,0.06715256817756884,0.7368786559470071
TUMOR.2421,2421,TUMOR,15517,32152,0.86513381915924,140.55909083248767,-5,0.33490891824225155,293.5166094107793,16349,266.7870879003554,133.80468952010042,2354.379905145716,0.4826138342871361,1.3661127394670463,0.5015410999578671,0.03517746498544814,0.014385240614114309,0.0,0.00045155463811121145,0.0012256483034447168,0.0,0.20436072764804541,0.7795768287962843,72461.0,0.09307075530285257,0.010446999075364678,0.10215150218738356,0.34519258635679884,0.26350726597756036,0.008708132650667255,0.0,0.0002346089620623508,0.009577565863015967,0.006237838285422503,0.11782890106402065,0.780640620471702,158483.0,0.11527419344661573,0.012884662708303098,0.08774442684704353,0.28753872655111273,0.1931752932491182,0.014354851939955705,1.2619650057103916e-05,0.0004858565271985008,0.0075402409091195905,0.005779799726153593,0.09496286667970698,0.6303830694774833
TUMOR.2644,2644,TUMOR,31710,51279,0.8851237100834726,200.93388455796105,-5,0.36207309971568524,369.44417710934357,34413,345.89739684634554,160.96535880696172,3017.752488147747,0.6183817937167262,1.3215557504050373,0.46535579705003016,0.043756126851276125,0.08523309426229508,0.01834656762295082,0.002913678278688525,0.058369620901639344,0.012167008196721311,0.024462090163934427,0.7985079405737705,84120.0,0.025368521160247265,0.03593675701378982,0.3742154065620542,0.06821207798383262,0.12882786495482643,0.0022467902995720397,4.75511174512601e-05,0.0042796005706134095,0.10361388492629577,0.02280076081787922,0.039514978601997146,0.5870066571564432,183002.0,0.041944896777084406,0.043436683752090144,0.30458137069540225,0.060097703850231145,0.1338892471120534,0.008174774046185287,0.00010382400192347624,0.00627861990579338,0.08473677883301822,0.01833313297122436,0.0339723063135922,0.5717423853291221
TUMOR.2939,2939,TUMOR,8003,13705,0.9101980155220696,100.94422260097656,0,0.35884674020267243,203.22647465327935,8003,204.58133367115377,84.73213846013415,951.1858582251265,0.5839474644290404,1.2533022107366403,0.4141733604901291,0.11115574437757672,0.0721971971971972,0.002002002002002002,0.010635635635635635,0.04466966966966967,0.009884884884884884,0.045420420420420424,0.8151901901901902,48066.0,0.05013939166978738,0.10504306578454625,0.3210585445013107,0.01187949902217784,0.4890983231390172,0.007822577289560187,0.0,0.015353888403445263,0.11446760704031957,0.01949402904339866,0.011962717929513585,0.8308991802937628,118676.0,0.06183221544372915,0.10507600525801342,0.2589908658869527,0.020290538946375003,0.5401766153223904,0.009243654993427483,0.00010111564258990866,0.016229060635680338,0.10118305301830192,0.015184198995584618,0.011089015470693317,0.8469699012437224
TUMOR.3150,3150,TUMOR,4111,8273,0.634146867335811,72.34837778697083,1,0.350887674974394,117.38824472663352,4111,117.41592382404914,90.78747370407199,930.6234123846127,0.49691768403239456,1.4258163056566815,0.7732126167155948,0.059649855012823376,0.02048780487804878,0.0,0.004634146341463414,0.06536585365853659,0.04902439024390244,0.04121951219512195,0.8192682926829268,38117.0,0.057743264160348404,0.003961487000550936,0.7220662696434662,0.04997770023873862,0.16614633890390115,0.007214628643387465,0.0005247002649736338,0.0046435973450166595,0.15683290920061915,0.05971089015399953,0.010887530498202902,0.7601857438938007,98556.0,0.14047850967977596,0.010978529972807337,0.5432850359186655,0.0683773692114128,0.23208125329761758,0.016833069523925485,0.002475749827509233,0.006696700353098746,0.12398027517350542,0.04111368156175169,0.022890539388773896,0.7850460651812168
TUMOR.3430,3430,TUMOR,4397,9183,0.9078116499178044,74.82268558532573,0,0.2769763779527559,161.37533888422976,4397,160.42872612310526,67.28029769680894,939.002092041053,0.4788195578786889,1.4023447829329405,0.4193781208808034,0.0626661782863903,0.016419612314709234,0.0,0.004104903078677309,0.07001140250855188,0.05450399087799316,0.10057012542759407,0.7543899657924743,41565.0,0.06960182846144593,0.008757367977865993,0.5573198604595212,0.09779862865391556,0.2664501383375436,0.005485384337784193,0.0,0.003368218453025382,0.12717430530494406,0.056369541681703356,0.022976061590280285,0.7846264886322627,105109.0,0.09285598759383117,0.0196938416310687,0.4976548154772665,0.09800302543074332,0.27960498149540003,0.00715447773263945,0.00013319506417147913,0.003967310125679057,0.11879096937464917,0.04492479235840889,0.02938853951612136,0.7956407158283306
TUMOR.3505,3505,TUMOR,18695,29459,0.5946586497606755,154.28290018282604,-3,0.4998663101604278,240.75090861718465,19335,199.30277478282025,160.2351039968867,2416.0651506262047,0.6346108150310601,1.4016236660173087,0.8039782896725572,0.04024556708812529,0.031049250535331904,0.0,0.015578158458244111,0.03158458244111349,0.002355460385438972,0.06900428265524625,0.8504282655246252,62745.0,0.05152601800940314,0.2824129412702207,0.2453900709219858,0.12396206869073233,0.09514702366722448,0.003665630727548012,0.0,0.018105028289106703,0.06955135867399793,0.01192126862698223,0.02835285680133875,0.7711212048768826,142488.0,0.07477120880354837,0.20630509235865477,0.26461877491437874,0.11107602043680871,0.08926365729043849,0.006618101173432148,4.210880916287688e-05,0.014906518443658413,0.06517741844927293,0.020310482286227612,0.029048060187524562,0.6896019313907136
TUMOR.3798,3798,TUMOR,5341,8579,0.8691690119283686,82.46437053922442,1,0.48021938500269734,136.13228860193308,5341,142.45152164900435,70.44443489367953,813.9665581351203,0.6225667327194312,1.284978038742733,0.4945151450698589,0.10130230272342922,0.08760082536109548,0.0,0.04858375539298443,0.05083474019883699,0.0035640592759332208,0.014068655036578503,0.7953479647345714,38547.0,0.07406542662204581,0.11904947207305368,0.07694502814745635,0.01577295249954601,0.5886580019197344,0.01572106778737645,0.0,0.017952110410667497,0.03852439878589774,0.0030871403740887747,0.00684878200638182,0.7973901989778712,100475.0,0.06582732022891266,0.08730529982582733,0.06651405822343867,0.014859417765613336,0.5006120925603383,0.011395869619308286,0.0,0.013067927345110725,0.03552127394874347,0.002856431948245832,0.010490171684498631,0.6744762378701169
TUMOR.3819,3819,TUMOR,587319,1237358,0.9589780453519559,864.7530145505774,-48,0.23354009160774009,2140.1357433583507,609139,2243.438201001755,635.970645223677,31700.590391041173,0.47465567766159833,1.3804522116392504,0.28348034946525347,0.0073442797899129246,0.10305587256668852,0.006279402423973271,0.0017127207817580605,0.025785484734407785,0.018855420546108337,0.014663988281202932,0.829647110665861,599226.0,0.0551695019909016,0.08262325066001809,0.19003514533748536,0.07742821573162713,0.33846829076174934,0.008187228191033099,0.0008227279857683078,0.004070250623304062,0.040473877969246994,0.015471625062997934,0.026013557489161017,0.7129897567862543,1007822.0,0.05244080799982537,0.07166543298320537,0.14539273800333788,0.06414327133164388,0.29788593620698894,0.006851408284399427,0.0006241181478475365,0.003910412751458095,0.033028649900478456,0.01087096729382768,0.02079236214331499,0.6126587829993788
TUMOR.3870,3870,TUMOR,41008,71205,0.5651952150961046,228.50165699727333,-2,0.39808954296586807,390.3549666649574,42552,304.2891621666834,251.02553281393475,3017.9078631008238,0.5759146127378695,1.2732299766898734,0.8249571921211839,0.05658046334730104,0.1092980145372945,0.0,0.002658666276403727,0.0221474218254549,0.0002926972047416947,0.012976242743548467,0.8526269574125567,99284.0,0.0437129849724024,0.10188952902783933,0.06263849159985496,0.09486926392973692,0.5989081825873253,0.0051065629910156726,0.0,0.0043209379154748,0.032643729100358565,0.00043310100318278875,0.04035897022682406,0.8339813061520487,206532.0,0.04703871555013267,0.0874247090039316,0.06904983247148141,0.08281041194584858,0.5064784149671722,0.0060765401971607305,1.9367458795731413e-05,0.0046239807874808745,0.031036352720159588,0.0007553308930335251,0.03474522107954215,0.7284246509015552
TUMOR.4390,4390,TUMOR,5437,9621,0.3225133270234767,83.20218389396446,0,0.39025265575653173,130.11533345459327,5437,110.44633644482558,104.5446279780963,950.4995667241114,0.5651179711048747,1.3217594252833638,0.946564923231496,0.07562499353931999,0.052534562211981564,0.0,0.005161290322580645,0.008294930875576038,0.0,0.15115207373271888,0.7828571428571428,39940.0,0.15200300450676013,0.1526539809714572,0.0414872308462694,0.3364546820230346,0.2512518778167251,0.02398597896845268,0.0,0.010040060090135203,0.024011016524787182,0.0,0.1428392588883325,0.7991236855282925,102459.0,0.17705618832899014,0.12200977952156472,0.04808752769400443,0.21606691457070634,0.3571672571467611,0.026800964288154285,0.0,0.0063830410212865635,0.027991684478669517,0.0,0.08914785426365668,0.8325866932138709
TUMOR.4504,4504,TUMOR,4132,7772,0.8034504752018747,72.53292906567121,1,0.34441943819288157,134.2013412749664,4132,130.3066515701304,77.58087873983906,712.5168106668145,0.5316520844055584,1.2488551494152085,0.5953715931230525,0.10227746289448413,0.13383531697838233,0.0,0.0019431624969638087,0.018460043721156182,0.009958707796939519,0.03376244838474617,0.802040320621812,37964.0,0.05302391739542725,0.03635022653039722,0.22916447160467812,0.04251396059424718,0.6373933199873565,0.013855231271731114,0.0,0.00863976398693499,0.04109156042566642,0.02101991360236013,0.007981245390369825,0.9074122853229375,98898.0,0.04689680276648668,0.05696778499059637,0.19862889037189832,0.03595623773989363,0.5839450747234525,0.011880927824627394,0.0,0.00902950514671682,0.037290946227426236,0.019707173046977694,0.006835325284636697,0.8385002730085542
TUMOR.4649,4649,TUMOR,6671,12220,0.8120853671114319,92.16171115451509,0,0.3783461887477314,164.1584600317632,6671,154.93299777010517,90.4093924228976,1255.517856687341,0.5459083469721767,1.3931568569324184,0.5835386504109997,0.05318081846318091,0.04815821256038647,0.0,0.006038647342995169,0.036533816425120776,0.0,0.10446859903381643,0.8048007246376812,44806.0,0.09815649689773691,0.1875641655135473,0.05253760657054859,0.3108512252823283,0.264228005177878,0.010221845288577423,0.0,0.008302459492032318,0.029192518859081373,0.0,0.14415480069633532,0.8081283756639736,111191.0,0.08531266019731813,0.13118867534242878,0.09772373663336062,0.31482763892761106,0.2802654891133275,0.009659055139354803,0.0,0.006349434756410141,0.03887904596595048,0.00020685127393404141,0.1383835022618737,0.786844258977795
TUMOR.5029,5029,TUMOR,4342,9335,0.8977158292815499,74.35325213627227,1,0.294572591587517,142.67795905464865,4342,156.99901157092856,69.16983225907839,906.2152954766494,0.46513122656668454,1.253669410936505,0.44057495373357203,0.06644111421254306,0.06691363741606854,0.01157675387821255,0.010187543412827044,0.0821949525353091,0.0,0.03727714748784441,0.7918499652697384,40884.0,0.06092848057919969,0.1179923686527737,0.23273163095587515,0.055645240191762056,0.5325555229429606,0.00931904901673026,0.002030134037765385,0.011300264162019373,0.07144604246159866,0.002299187946384894,0.010835534683494765,0.8927453282457685,103747.0,0.05613656298495378,0.095925665320443,0.16707953001050632,0.04951468476196902,0.5447868372097506,0.009677388261829258,0.0013494366102152352,0.008954475792071096,0.05959690400686285,0.0012916036126345823,0.010188246407125026,0.8226069187542773
TUMOR.5105,5105,TUMOR,22600,41683,0.8589360564163427,169.6325844612841,-2,0.3322796441961332,308.8041450499005,22600,290.52174010579677,148.77120228399272,2569.183945652823,0.5421874625146942,1.3479334995070404,0.5120828555887625,0.04302569597508833,0.06498450641876936,0.0,0.00965028773793714,0.05117308543603364,0.00013280212483399734,0.06042496679946879,0.813634351482957,75780.0,0.06385589865399842,0.06697017682765902,0.22921615201900236,0.2515835312747427,0.2163895486935867,0.014225389284771708,0.0,0.005159672736869887,0.07034837688044339,0.0027183953549749272,0.09261018738453418,0.8149379783584059,168404.0,0.06889385050236337,0.06858506923826037,0.2048348020237049,0.25273746466829766,0.2605698201942947,0.013022256003420347,2.3752404930999263e-05,0.005611505664948576,0.0645709128049215,0.002648393149806418,0.09938600033253367,0.8147371796394385
TUMOR.5335,5335,TUMOR,5917,13405,0.8724276798554178,86.79722568261015,1,0.2463261313017776,190.06577808748213,5917,181.58555082116456,88.74870836053579,998.4995667241113,0.441402461767997,1.16226665259654,0.48874322851789237,0.07457884819682506,0.07728459530026109,0.004873803307223673,0.009225413402959095,0.06074847693646649,0.0,0.03342036553524804,0.8144473455178416,48143.0,0.06756953243462185,0.05340340236379121,0.11567621461063914,0.04118978875433604,0.491805662297738,0.009367924724258979,0.0016617161373408387,0.00469434808798787,0.04621648006979208,0.0,0.012566728288640094,0.695262031863407,117258.0,0.07022974978253083,0.06205973153217691,0.1176380289617766,0.030309232632315067,0.4787562469085265,0.010813761107984104,0.0023367275580344197,0.0051680908765286806,0.045003325999078955,0.0002643742857630183,0.00824677207525286,0.6872452199423493
TUMOR.5529,5529,TUMOR,4716,6194,0.8469368951591657,77.4893392214118,-2,0.5418198529411765,137.93114224133723,4716,118.26573027671634,62.881110905119456,529.4213562373095,0.7613819825637714,1.2438907337472545,0.5316934225831202,0.2114368830680202,0.06904761904761905,0.0010822510822510823,0.006060606060606061,0.0,0.0,0.2567099567099567,0.6670995670995671,34890.0,0.029922613929492692,0.011636572083691602,0.0006305531670965892,0.1342505015763829,0.27730008598452277,0.0035826884494124392,0.0,0.00014330753797649757,0.0006018916595012897,0.0,0.14333619948409287,0.4410719403840642,94480.0,0.04064352243861134,0.02037468247248095,0.0008149872988992379,0.11002328535139712,0.32049110922946655,0.00556731583403895,0.0,0.0003069432684165961,0.0013441998306519898,0.0,0.08539373412362405,0.46614098221845895
TUMOR.5660,5660,TUMOR,6377,10865,0.7533655832257504,90.10798286931148,0,0.43846259625962597,144.80331487918363,6377,142.64357623118272,93.80269099606708,1040.813275223096,0.5869305108145421,1.3094645022513551,0.6576019297500006,0.07397426100040556,0.14328358208955225,0.0,0.0032992930086410055,0.04713275726630008,0.0006284367635506677,0.0727415553809898,0.7329143754909663,41900.0,0.1578997613365155,0.055894988066825774,0.38066825775656327,0.3039856801909308,0.058233890214797135,0.0260381861575179,0.0036515513126491646,0.005465393794749403,0.10241050119331742,0.008042959427207638,0.07255369928400955,0.7818377088305489,105779.0,0.15563580672912392,0.048818763648739355,0.32479036481721324,0.2131424952022613,0.11067414137021526,0.0299114190907458,0.003932727668062659,0.005577666644608098,0.08949791546526248,0.005757286417909037,0.0683311432325887,0.7969918414808232
TUMOR.5703,5703,TUMOR,95417,229061,0.7256063178527308,348.55228824380856,-8,0.2505645889792231,774.109165428236,98864,605.1332448271165,416.3982808014084,9256.823048345334,0.41655716162943496,1.334971096709469,0.688110072221154,0.013993027833794119,0.10515604510883819,0.00840283241542093,0.002035142932074482,0.030946761080514033,0.00026226068712300026,0.09807500655651717,0.7551219512195122,200692.0,0.047704940904470534,0.10390050425527675,0.18563271082056085,0.20931576744464153,0.3247164809758237,0.010214657285791162,0.0015346899726944772,0.006871225559563909,0.05027106212504734,0.0030195523488728998,0.07543399836565483,0.7960357164211828,382709.0,0.07730416582834478,0.08165211688254,0.18819782132116047,0.189924982166607,0.2959089020639703,0.015972971631187143,0.0009354365849770975,0.006312890472918066,0.05208657230428341,0.002816761560350031,0.06828687070332812,0.7562403810728255
TUMOR.5829,5829,TUMOR,4260,8765,0.938438347354442,73.64781368494107,1,0.2373655764194573,168.80758276807353,4260,174.6550081755058,60.33400775884243,657.4873734152916,0.4860239589275528,1.136950235469739,0.34544676610827285,0.12383534809976977,0.07489401789919925,0.002826189354686764,0.004710315591144607,0.038153556288271315,0.008243052284503062,0.012011304757418746,0.8591615638247763,41567.0,0.12832294849279477,0.044241826448865686,0.07335145668438905,0.026631703033656508,0.7196574205499555,0.01770635359780595,0.0004570933673346645,0.0025260422931652512,0.028027040681309692,0.0032237111169918444,0.008203623066374769,0.9398561358770178,105856.0,0.16193697097944376,0.050049123337363964,0.10484998488512697,0.03610565296251512,0.6381688331318017,0.023428053204353084,0.0007935308343409916,0.002919059854897219,0.035472717654171704,0.00374093107617896,0.008587137243047159,0.9250585701330108
TUMOR.5890,5890,TUMOR,36940,79001,0.6821827267471458,216.87201014081302,-7,0.3242398707955902,402.9900743194552,41320,340.81952975105486,249.20101455626352,5084.4938290072005,0.4675890178605334,1.4138042291537272,0.731181733447868,0.01795607066954228,0.06340049527239983,0.022540522287257992,0.006022062134173795,0.0559995497523638,0.0007879333633498424,0.02625506528590725,0.8249943719045475,114222.0,0.09063928139938016,0.07090577997233458,0.18360736110381537,0.087566318222409,0.27654042128486633,0.012747106511880373,0.001996112832904344,0.006058377545481606,0.046041918369490994,0.0016196529565232617,0.018787974295669835,0.6526851219554902,224284.0,0.11267410961102887,0.06778459453193272,0.1668108291273564,0.08444204669080273,0.26778994489129854,0.014651067396693479,0.003009577143264789,0.004993668741417132,0.04014998840755471,0.00152485241925416,0.01915428652957857,0.6432737065506233
TUMOR.5896,5896,TUMOR,6539,11480,0.6137233402734209,91.24534718561395,1,0.41190551181102364,139.8177385026664,6539,130.19875278046607,102.79467028586981,732.4995667241114,0.5695993031358885,1.2828297667395616,0.7895211596934151,0.1531462817863778,0.0674770141810815,0.0,0.004051737572074178,0.009038491506934705,0.0004675081813931744,0.016518622409225494,0.9024466261492909,42877.0,0.11915479161321921,0.053968328008022946,0.059775637288056536,0.026121230496536606,0.37246075984793714,0.018448119038178976,0.0005130955990391119,0.0014459966882011334,0.0151363201716538,0.00041980549012290974,0.004617860391352007,0.6273526599342305,107549.0,0.11434787864136348,0.05840128685529387,0.060939664710968955,0.034300644357455674,0.32495885596332835,0.01714567313503612,0.00024175027196905597,0.0015155882434983124,0.015927623687807417,0.0013203284084463826,0.006053054886609824,0.5794103152981431
TUMOR.6061,6061,TUMOR,21393,49677,0.9340832319945921,165.04064220827345,0,0.25132753759398496,462.2769732530488,21393,423.0767323905502,151.06180646108515,3648.9444430272833,0.4306419469774745,1.397979183855919,0.3570553398375903,0.020190499026274265,0.11191133143151101,0.0035074591965580135,0.017677594350652387,0.034045737267923114,0.006500491044287518,0.03025768133564046,0.7960997053734274,99407.0,0.062168660154717476,0.09162332632510789,0.20757089540978,0.14386310823181467,0.482963976379933,0.016588369028338046,0.0003923264961220035,0.01102538050640297,0.056837043668956914,0.007916947498667096,0.039745691953282966,0.86749424084823,206277.0,0.06355531639494466,0.06853890642194718,0.2217697562016124,0.1445628935848398,0.458257585673633,0.01650693000189066,0.0002375446608201593,0.009589047736781124,0.06416129767254711,0.0069372736659928155,0.039325760991288414,0.8287981694517567
TUMOR.6119,6119,TUMOR,4428,8790,0.8220429222295039,75.08598207446781,0,0.34119278779472956,132.85330255586422,4428,142.37223060246995,81.07038284266544,782.2152954766494,0.5037542662116041,1.3527583909125387,0.5694255298213962,0.09094207693497107,0.1337709370755998,0.0,0.009053870529651425,0.0504753282028067,0.0,0.04300588501584427,0.7636939791760978,39102.0,0.03644314868804665,0.08326939798475781,0.034141476139327914,0.02800368267607795,0.8181167203723595,0.009488005728607233,0.0004603345097437471,0.006470257275842668,0.02966600173904148,0.00025574139430208174,0.00866963326684057,0.9449900260856222,100388.0,0.05024504920906881,0.0824202095868032,0.037444714507710086,0.020639917121568315,0.8087221580268558,0.00935370761445591,0.00024903374905367175,0.008706219866916364,0.02937602103837112,0.0016635454436785273,0.006594413674941228,0.9440570586125832
TUMOR.6188,6188,TUMOR,35550,52287,0.9652838023988991,212.75259296970987,0,0.37491299487460716,532.9024300939151,35550,450.87615218447644,117.77035342391497,2369.6753236814716,0.6799013139021172,1.2357786224411866,0.2612033323415365,0.0795557871042162,0.08661260492246407,0.0,0.0016787594252382985,0.011011523687580026,0.0,0.014141414141414142,0.8865556978233035,94062.0,0.02250643192787736,0.06696646892475176,0.02250643192787736,0.006261827305394314,0.5764283132402033,0.0056877378750186044,0.00026578214369245816,0.004656503157491867,0.013895090472241713,0.0,0.0013395420042099891,0.6799557738512896,207054.0,0.0416316516464304,0.10578399837723493,0.012228693963893478,0.026080153003564286,0.3963410511267592,0.008818955441575628,0.00018835666058129763,0.0056072328957663215,0.008297352381504341,0.0,0.011286910660986988,0.5613752934017213
TUMOR.6293,6293,TUMOR,7364,14396,0.8675939531572785,96.83044979462679,0,0.3267080745341615,187.44865963777923,7364,177.3588897339955,88.19583994581122,1034.399061660723,0.5115309808280077,1.2648061583643633,0.49727329753861305,0.08648631796894894,0.09266187050359712,0.0011510791366906475,0.005179856115107914,0.03338129496402878,0.004460431654676259,0.02474820143884892,0.8384172661870504,47765.0,0.22051711504239505,0.05740605045535434,0.2294148435046582,0.1539621061446666,0.014131686381241494,0.022799120695069612,0.005631738720820684,0.002847273107924212,0.02882864021773265,0.0046058829687009315,0.031822464147388256,0.6367633204229038,117008.0,0.2858266101463148,0.08404553534801039,0.14881888417885958,0.11340250239299877,0.07736223164228087,0.03504033912211131,0.00720463558047313,0.0035980445781485025,0.02188739231505538,0.002478463011076166,0.02616915082729386,0.6687662382059346
TUMOR.6454,6454,TUMOR,11533,23155,0.9318309092320456,121.17867662848374,1,0.24738309738309738,268.96096371034963,11533,262.5124483515505,95.26386740109098,1685.6021638285529,0.49807816886201683,1.3275236655043443,0.36289276184539576,0.05100843462077086,0.07697648181897075,0.00034713182330990195,0.011628916080881714,0.0711620237785299,0.01883190141456218,0.057971014492753624,0.763082530590992,62337.0,0.035548711038388116,0.05483099924603366,0.11072075974140559,0.02170460561143462,0.7768580457834031,0.006962157306254713,0.0004972969504467652,0.006577153215586249,0.04287983059820011,0.00478046745913342,0.007363203234034362,0.9309398912363444,142961.0,0.06804653017256454,0.07340463483047824,0.09416554165121957,0.03862591895691832,0.7255055574597268,0.014528437825700716,0.00041969488182091617,0.00828197900126608,0.03744377837312274,0.005092297899427116,0.012772714236749883,0.9214610977819125
TUMOR.6458,6458,TUMOR,10348,28244,0.8499326512984755,114.78450596190874,-3,0.21480466641756965,263.0532265531065,10348,261.3562821232604,137.7063627196709,1732.9575028878803,0.3663786999008639,1.275609998817537,0.526891343881017,0.043300255469890164,0.044948250369640216,0.003942828979793002,0.004435682602267127,0.023558403154263184,0.00039428289797930016,0.053129620502710695,0.8695909314933464,69732.0,0.1173349394825905,0.07385418459243963,0.10435667986003556,0.17033786496873746,0.43473584580967134,0.014699133826650605,0.0016921929673607526,0.0034847702632937534,0.025798772443067747,0.00022944989387942407,0.0524293007514484,0.828873401021052,152974.0,0.15228731679893315,0.072378312654438,0.09491809065592846,0.1435864918221397,0.4035457005765686,0.019094748127132716,0.0021964516845999972,0.004275236314667852,0.026573143148508897,0.0003137788120857139,0.04443238720305411,0.8013780119497431
TUMOR.6486,6486,TUMOR,6126,15414,0.924076805342277,88.31684692654967,0,0.27801225323349216,196.4713719603953,6126,218.86839552484176,83.65299476165967,1234.2457787486987,0.39743090696769173,1.2547994023400921,0.3822068259835394,0.05053398596171135,0.07651974438800589,0.023103391774537112,0.013272161232180895,0.06849090611174832,0.0006554153694904145,0.017696214976241194,0.8002621661477962,52386.0,0.07744435536211965,0.07160310006490284,0.12684686748367885,0.024624899782384607,0.6992707975413278,0.010747146184094987,0.0033596762493796053,0.006394838315580498,0.055262856488374756,0.00030542511357996413,0.007482915282709121,0.9164471423662811,123742.0,0.08331851756073119,0.06795590826073605,0.13247725105461364,0.03440222398215642,0.6815874965654345,0.011532058638134182,0.002949685636243151,0.004751822340030062,0.0529003895201306,0.00043639184755378123,0.009099578154547365,0.9183300738633609
TUMOR.6795,6795,TUMOR,4628,8764,0.9457235406795393,76.76296381090515,0,0.29995463088988267,151.21177202850313,4628,172.0179119766038,55.901053541843766,631.7888886054566,0.5280693747147421,1.1256751773465616,0.3249722828250983,0.14569989777823722,0.04614384748700173,0.004116117850953206,0.002166377816291161,0.028812824956672443,0.0,0.04592720970537262,0.8728336221837089,39650.0,0.12809583858764187,0.06128625472887768,0.04655737704918033,0.10247162673392182,0.6591929382093317,0.01687263556116015,0.0008322824716267339,0.003833543505674653,0.024640605296343,0.000201765447667087,0.03614123581336696,0.9174779319041614,102661.0,0.126201770876964,0.06119168915167396,0.05949679040726274,0.13724783510778193,0.5981921080059613,0.015663202189731253,0.0015293051889227651,0.0035846134364559083,0.024137695911787337,0.00011688956858008396,0.04856761574502489,0.8991632655049142
TUMOR.6821,6821,TUMOR,5665,12030,0.7780457097751344,84.92880560166083,0,0.3206724782067248,171.14321488157222,5665,152.21260672751725,95.62112663574837,1128.1980515339465,0.470906068162926,1.3986520708307033,0.628207667495795,0.055929261845534484,0.06157112526539278,0.0,0.005130927105449399,0.03857041755130927,0.0,0.12031139419674451,0.774416135881104,45594.0,0.08398034829144185,0.023775058121682676,0.26031934026406983,0.5116901346668421,0.10556213536868886,0.011185682326621925,0.0,0.002215203754880028,0.07176382857393517,0.002741588805544589,0.14995394130806686,0.7621397552309515,111714.0,0.08358844907531733,0.021519236622088548,0.2766081243174535,0.5009219972429597,0.10137493957785058,0.013337630019514116,0.0,0.0026764774334461215,0.07268560789158028,0.002363177399430689,0.14411801564709883,0.7648190916089299
TUMOR.6942,6942,TUMOR,5354,14085,0.9571590727168551,82.5646687301055,1,0.2849084716900809,218.97945109073592,5354,239.9383790028466,69.47718508860733,1125.0092347159894,0.38012069577564783,1.2405169461138268,0.28956261760767776,0.053158908620675904,0.0503462474265394,0.011229646266142616,0.0016844469399213925,0.04660303200449186,0.0,0.059704285981658244,0.8304323413812464,52403.0,0.11743602465507699,0.048375093029025054,0.08717058183691774,0.08585386332843539,0.6607636967349197,0.017785241302978837,0.0013930500162204454,0.0030723431864587906,0.0401694559471786,0.00024807740014884643,0.02181172833616396,0.9155201038108505,124990.0,0.11360908872709817,0.06204496359708777,0.06751740139211138,0.0962877030162413,0.6591327306184495,0.015321225698055845,0.0015361228898311864,0.0036082886630930473,0.03290663253060245,0.00036802944235538845,0.030130410432834626,0.9161292903432274
TUMOR.7054,7054,TUMOR,7285,14874,0.8896613926113481,96.30965726964072,1,0.2987369802345608,186.85020738548835,7285,192.17280256226277,87.75010968221454,1324.607214462436,0.48978082560172115,1.263350451439519,0.4566208563971172,0.05217532799928789,0.07603305785123966,0.015426997245179064,0.008539944903581268,0.06763085399449036,0.001928374655647383,0.028512396694214875,0.8019283746556474,50064.0,0.06687440076701821,0.09783477149248962,0.13864253755193354,0.06375838926174497,0.6324304889741131,0.013322946628315756,0.000759028443592202,0.0027364972834771494,0.036373441994247364,0.010586449344838607,0.02109300095877277,0.9151286353467561,119964.0,0.06878730285752392,0.08335000500150044,0.12456236871061319,0.07020439465172885,0.6224033876829715,0.015212897202494082,0.0005585008835984128,0.003917842019272449,0.03209296122169984,0.01000300090027008,0.020906271881564468,0.8870744556700343
TUMOR.7088,7088,TUMOR,4828,6796,0.7578660450068541,78.40408485519977,0,0.5210446794733434,119.10079764636339,4828,108.27451010254957,70.63939385834193,641.4041122946063,0.7104178928781636,1.2694877225687957,0.652410191387036,0.14747338382031633,0.11510186935517748,0.0,0.009871875656374712,0.02205419029615627,0.00966183574879227,0.026254988447805085,0.8170552404956942,34533.0,0.04615874670604929,0.0569020936495526,0.11652622129557236,0.06228824602554079,0.49150088321315843,0.011669996814641068,0.0,0.0063417600555989925,0.033822720296527956,0.009469203370688906,0.022616048417455768,0.696985492137955,93280.0,0.058211835334476845,0.04518653516295026,0.1180531732418525,0.0566573756432247,0.47808747855917666,0.016756003430531734,0.00019296740994854202,0.005135077186963979,0.0328795025728988,0.010248713550600343,0.016970411663807892,0.6775943396226415
TUMOR.7098,7098,TUMOR,31845,74114,0.7125897064099219,201.36115142224247,-4,0.2708253603775992,352.8413241104279,33147,339.5763433476758,238.24031314563547,4900.842025391591,0.4296759046873735,1.3923043813825722,0.7015810076666994,0.016661331678918104,0.06880085451289623,0.0027960164619396186,0.004838050956614621,0.028934057993779648,0.000816813797870001,0.1152649932455782,0.7785492130313216,110151.0,0.06824268504144311,0.026953908725295277,0.05999037684632913,0.11579558969051575,0.6159181487231165,0.010585469037956987,0.0005810205989959237,0.00215159190565678,0.016722499114851432,0.0021697487993754027,0.042505288195295546,0.816978511316284,218589.0,0.08037000946982693,0.025156801119909967,0.060620616773945625,0.10695414682349066,0.4831624647168888,0.012164381556253974,0.0005764242482467096,0.0015966036717309654,0.013820457571058013,0.003065113066073773,0.03822699220912306,0.691329389859508
TUMOR.7102,7102,TUMOR,20130,53799,0.9196485077428588,160.09469708743893,-1,0.19018914986489296,389.5600082143956,20130,364.8301135634489,143.2842680710091,2543.8468965567254,0.3741705236156806,1.2830213146012195,0.3927424374909503,0.03909054272247161,0.06274860779634049,0.0,0.02908711217183771,0.02829156722354813,0.003629673826571201,0.0550914876690533,0.8211515513126492,95397.0,0.044026541715148276,0.24492384456534272,0.05512751973332495,0.03168862752497458,0.2463285008962546,0.006813631455915805,0.0,0.00935039885950292,0.03277880855792111,0.0006184680859985115,0.013249892554273196,0.9371888004863884,200650.0,0.057991527535509596,0.18489409419386993,0.03795664091701969,0.025716421629703463,0.35544978818838774,0.011442810864689758,0.000199352105656616,0.008143533516072764,0.026224769499127835,0.0003688013954647396,0.011741839023174683,0.9319212559182657
TUMOR.7152,7152,TUMOR,5998,10044,0.9503030463769297,87.38930592081337,0,0.35076023391812866,178.4432682955566,5998,192.65384670338196,59.978226284658255,1181.4112549695428,0.5971724412584628,1.349715592499856,0.311326388291656,0.05400253133238702,0.04781009695753929,0.0,0.0008358408559010365,0.023737880307589436,0.0,0.1444332998996991,0.7831828819792711,43119.0,0.07395811591177903,0.033975741552447876,0.2672139891926993,0.5036294904798349,0.11407964006586424,0.010459426239012965,0.0,0.0031308703819661866,0.07637004568751594,0.001437881212458545,0.14239662329831396,0.7662051531807323,109125.0,0.08780756013745704,0.03338373424971363,0.23074455899198168,0.4734478808705613,0.16551660939289806,0.015495990836197022,0.0,0.00345475372279496,0.06404581901489118,0.0019427262313860252,0.13800687285223368,0.7770538373424971
TUMOR.7298,7298,TUMOR,2828405,3659603,0.4254784745133473,1897.69257113123,-132,0.5411328336798154,2399.2707225321615,2939120,2087.628212794171,1889.2378665636068,56660.0759134681,0.7728720847589206,1.3504509076506006,0.9049685451582253,0.01107126270894976,0.27449442610238933,0.0010548892631587884,0.000696184463412641,0.002007544120867245,0.00021402012213650803,0.02210279545654737,0.6994301404714881,909140.0,0.03846932265657654,0.18302901643311262,0.040143432254658246,0.1320203708999714,0.2800756759135007,0.008769826429372813,0.00037177992388411025,0.004410761818861781,0.010666124029302417,0.0013881250412477726,0.043329960182150164,0.8141111379985481,1457793.0,0.040389822148960794,0.13890929645018188,0.03516137064727297,0.1046801569221419,0.27112834263849533,0.008625367250357218,0.00031280161175146267,0.0035773254501839423,0.010193491119795471,0.0016113398815881268,0.040426178476642434,0.7070928451433091
TUMOR.7358,7358,TUMOR,13629,32452,0.8652563299726435,131.7307168248755,-1,0.2684036393713813,277.41124706831914,14863,251.49803500111895,126.08343828549322,1863.8103166302658,0.4199741156169111,1.3528343153699152,0.5013297152994943,0.04930266927898366,0.09031452087007642,0.0,0.00102880658436214,0.006319811875367431,0.005878894767783657,0.05886243386243386,0.8375955320399765,69704.0,0.0621198209571904,0.014231607942155399,0.14752381498909675,0.11531619419258579,0.5277172041776655,0.014618960174451969,5.73855158957879e-05,0.0021232640881441523,0.01664179960977849,0.014489842763686445,0.03197807873292781,0.7895242740732239,157046.0,0.07273028284706391,0.028049106631178128,0.1256701858054328,0.09336754836162653,0.4340957426486507,0.015887064936388064,0.0006813290373521134,0.0018274900347668836,0.017186047400124804,0.011754517784598142,0.027940858092533397,0.6811762158857915
TUMOR.7379,7379,TUMOR,5834,11498,0.9808711864229658,86.1863069401685,1,0.20067418822234454,231.46706029152398,5834,260.2954738307242,50.66858209125766,899.7544007200504,0.5073925900156548,1.2767683646414776,0.1946579452403715,0.0905583143259374,0.12055507372072853,0.0,0.002948829141370338,0.003295750216825672,0.007285342584562012,0.07215958369470946,0.793755420641804,48762.0,0.04163077806488659,0.009884746318854847,0.1504655264345187,0.07618637463598704,0.5717772035601493,0.011525368114515402,8.203108978302776e-05,0.0015996062507690415,0.014540010664041671,0.020097616996841802,0.019625938230589394,0.7828842131167713,120810.0,0.06098832878073007,0.021786275970532242,0.10461882294512044,0.06178296498634219,0.4898104461551196,0.013724029467759292,0.000645641917059846,0.0017630990812018872,0.016248654912672793,0.010893137985266121,0.016157602847446405,0.6799685456501945
TUMOR.7791,7791,TUMOR,9989,12949,0.8121666878372574,112.77583877923294,1,0.4622610949141561,173.04623659588788,9989,165.90720965966617,96.79449065206083,689.4284989122459,0.7714109197621438,1.1467038035208679,0.5834254632491274,0.2640908858781338,0.18109841651633593,0.0,0.01192623772299058,0.0004008819402685909,0.0,0.022248947684906796,0.7843255161354981,43516.0,0.15157643165732146,0.07962588473205258,0.0,0.012363268682783344,0.30335968379446643,0.05464656678003493,0.0,0.004435150289548672,0.00034470079970585533,0.0,0.010364004044489384,0.9302095780862212,111363.0,0.3139283244883848,0.130330540664314,0.0014996004058798703,0.03166222174330792,0.21103957328735756,0.10885123425195083,0.0,0.004202472993723229,0.0014816411195819079,3.591857259592504e-05,0.01526539335326814,0.8701633397088799
TUMOR.7885,7885,TUMOR,277473,505205,0.8525519914992559,594.3816923461723,-52,0.3403190356811704,1056.2821592737425,297783,1069.2181045800455,558.81874035242,24957.61510580434,0.5492285309923695,1.4547482425091853,0.5226424224942451,0.005597890876173632,0.06413132872581413,0.0018757124100018756,0.005165423406005166,0.06332332953381332,0.031104361752781105,0.08964823178033965,0.7447516123912448,337843.0,0.06600107150362743,0.10066214188247204,0.2710016190952602,0.14471810870729895,0.3026494555163197,0.010137845093726968,0.0003699943464863857,0.004510971072362015,0.06812039912030145,0.021116317342671005,0.06639474548828894,0.7658853372720464,570431.0,0.09654980181652119,0.08694478385641734,0.19334503208977072,0.1199566643467834,0.3474197580426029,0.018547379087041203,0.0008239383904451196,0.0044177122211100026,0.051338373966351755,0.012760526689468138,0.057496875169827724,0.7416339574812729
TUMOR.8019,8019,TUMOR,4646,8549,0.7735371830962271,76.91209868960517,1,0.3183281945871874,143.09786860746738,4646,128.2293743735622,81.26548375433394,633.0020920410532,0.5434553748976488,1.1614857050384502,0.6337509182380362,0.14570645055553721,0.06691128858191236,0.0,0.00151090006475286,0.008849557522123894,0.0,0.014677314914742067,0.9080509389164688,39146.0,0.10573238645072293,0.34966535533643284,0.015046237163439433,0.20768405456496195,0.297220661114801,0.014739692433454249,0.0006897256424666633,0.002937720329024677,0.011239973432790068,0.0,0.012057426046083891,0.9583354621161805,100885.0,0.15736729940030728,0.30649749715022057,0.019745254497695396,0.17989790355355106,0.31459582693165483,0.02698121623630867,0.001794122020121921,0.0033602616840957525,0.013163502998463597,8.921048718838281e-05,0.019447886207067454,0.9351043267086286
TUMOR.8330,8330,TUMOR,177954,312558,0.8922707663299987,476.0021743057495,-11,0.3826613883017269,930.9806657498318,182240,871.1279226987139,393.3148644303259,11684.607932337432,0.5693471291728255,1.4065363928418968,0.45150069717872743,0.01637907340572915,0.0859981389859743,0.00039716762743407017,0.001480867868004176,0.04278630112114747,0.02786981979937361,0.022655576233489173,0.8188121283645772,250306.0,0.03596398008837183,0.04638722204022277,0.20953552851309998,0.1254065024410122,0.11838309908671786,0.004134938834866124,0.0001478190694589822,0.0027606209998961274,0.038732591308238716,0.016216151430648886,0.022692224716946457,0.47712400022372614,441415.0,0.045064168639488915,0.03804129900433832,0.13485495508761597,0.07882604805002096,0.07677355776310275,0.0037696951848034165,9.967943998278265e-05,0.0020094468923801865,0.025409195428338412,0.009585084331071667,0.014428598937507787,0.3417985342591439
TUMOR.8411,8411,TUMOR,10682,12252,0.9196627815672562,116.62223122913147,1,0.5129658086822897,196.82479518597245,10682,191.30535121324326,75.127335488152,550.3330444827409,0.8718576558929154,1.0064751407582795,0.392709012119632,0.44321174080888615,0.0,0.0007566749540590206,0.0003242892660252946,0.0014052534861096098,0.0,0.0,0.997513782293806,42867.0,0.02160169827606317,0.06270557771712507,0.1474560851004269,0.0707070707070707,0.0139967807404297,0.0004665593580143234,0.0,0.0012830382345393892,0.02283808057480113,0.00139967807404297,0.009494482935591481,0.29304593276879654,110628.0,0.02532812669486929,0.03619336876740066,0.119291680225621,0.11879451856672814,0.03184546407781032,0.0008496944715623531,0.0,0.0010937556495643056,0.01582781935857107,0.0014101312506779478,0.016795024767689917,0.30683009726289906
TUMOR.8490,8490,TUMOR,6540,9535,0.9278825199173321,91.25232392968391,-2,0.3642439431913116,182.9371476764629,6540,173.55675321967286,64.71457024857729,896.0142853498728,0.6858940744625066,1.3233467490767878,0.3728726716076976,0.10236647411378173,0.12452136621228366,0.0012253024965538366,0.0006126512482769183,0.010415071220707612,0.0,0.22300505437279827,0.6402205544493796,41975.0,0.1896605122096486,0.06587254318046457,0.022156045265038712,0.3241929720071471,0.19461584276354973,0.04919594997022037,0.0004288266825491364,0.0038832638475282907,0.00843359142346635,0.0,0.18987492555092317,0.6397855866587254,107621.0,0.20234898393436226,0.03711171611488464,0.048234080709155275,0.2525343566776001,0.08869086888246717,0.05068713355200193,0.0014588230921474433,0.0016260766950688063,0.009003818957266704,0.0,0.13550329396679087,0.48744204198065433
TUMOR.8549,8549,TUMOR,13204,25544,0.7597190104912415,129.6605373607679,0,0.3236036565938779,224.05802819805407,13204,196.85234902433902,128.00353702467913,1516.4062043356594,0.5169119949890385,1.2666783922600946,0.6502515091087516,0.07215796460597446,0.062102277083493064,0.0,0.006363566664111017,0.023460860231541824,0.004983516062255616,0.05244192287050525,0.8506478570880932,60706.0,0.08376437254966561,0.07846011926333477,0.1860442130926103,0.1254406483708365,0.2697097486245182,0.006605607353474121,0.0,0.004711231179784535,0.03928771455869272,0.008269363819062367,0.026356538068724674,0.6711692419200738,139097.0,0.1387377154072338,0.06979302213563197,0.1949790434013674,0.12298611760138609,0.15991718009734215,0.010417190881183635,0.0,0.0039325075307159755,0.036593168795876256,0.008950588438284075,0.025320459823001216,0.6186186617971632
TUMOR.8586,8586,TUMOR,24895,38630,0.786628862120307,178.03735132320375,-5,0.5029292929292929,298.197920851236,29612,280.7372799619004,173.33453396697573,3408.600251256249,0.64444732073518,1.4492211926362204,0.617426135889396,0.026925876610905064,0.027918989832732045,0.00016398819285011479,0.00377172843555264,0.04817153164972122,0.017013775008199408,0.11893243686454576,0.7840275500163988,73800.0,0.07420054200542005,0.04154471544715447,0.17586720867208672,0.14020325203252032,0.07631436314363144,0.007439024390243902,0.0,0.004336043360433604,0.031341463414634146,0.014132791327913279,0.03834688346883469,0.46420054200542005,161215.0,0.10492820147008652,0.058691809074837946,0.12279254411810316,0.10319759327605992,0.06098067797661508,0.01308811214837329,2.48115870111342e-05,0.00630834599758087,0.024526253760506156,0.0081071860558881,0.032422541326799614,0.4168470675805601
TUMOR.8739,8739,TUMOR,48808,72328,0.4718732863949512,249.28753618950512,-10,0.6118974487557199,385.6073132086579,53121,327.92088702570595,289.1168206398796,5629.386181268875,0.6748147328835306,1.4146647678524693,0.8816663777114495,0.019354358918994927,0.056658635872725766,0.005130015784663953,0.0031569327905624327,0.047104760322339456,0.03410318185594417,0.09798953227548392,0.7558569410982803,98333.0,0.02214922762450042,0.022383126722463467,0.17066498530503493,0.12553262892416583,0.01341360479188065,0.011603429164166658,0.00011186478598232537,0.0009661049698473554,0.02568822267194126,0.01702378652131024,0.04054590015559375,0.4328251960176136,203466.0,0.05014105550804557,0.027527940786175577,0.1082539588923948,0.09143542410034108,0.010345708865363255,0.00828148191835491,6.389273883597259e-05,0.002835854639104322,0.017536099397442325,0.00963797391210325,0.03182349876637866,0.36903462986444907
TUMOR.8741,8741,TUMOR,8736,14700,0.7743983714142394,105.46573217309205,1,0.3427495291902072,188.55768348173987,8736,163.55359731456466,103.48008602083462,880.6944801964783,0.5942857142857143,1.196218781759979,0.632698318593446,0.14153763697289168,0.04019460210818951,0.0,0.046565504459631646,0.011351789644387815,0.0019691879995366616,0.039267925402525196,0.8606509903857292,48445.0,0.05946950149654247,0.12795954174837446,0.18796573433790897,0.17516771596656003,0.02210754463824956,0.004396738569511818,0.0,0.008421921766952214,0.03329548973062235,0.010135204871503767,0.05713695943853855,0.648095778718134,118516.0,0.12522359850146816,0.08475648857538223,0.1577846029228121,0.16174187451483343,0.031970366870295995,0.010378345539842721,0.0003881332478315164,0.005341050997333693,0.0314556684329542,0.009880522461102298,0.06078504168213575,0.5784197914205677
TUMOR.8779,8779,TUMOR,4460,8746,0.7992008960717837,75.35680705496236,1,0.3104984683932052,138.45215780189199,4460,141.5331284536424,85.07046780542098,876.9665581351203,0.5099474045277841,1.4199825684374268,0.6010639963581732,0.07287501510222788,0.08945830523713194,0.0,0.0,0.005619240278714317,0.0,0.27646662171274444,0.6284558327714093,40079.0,0.06167818558347264,0.016941540457596247,0.007560068863993612,0.35280321365303524,0.4543277027869957,0.008059083310461838,0.0,0.0005489158911150478,0.005040045909329075,9.980288929364505e-05,0.21634771326629906,0.7699044387335013,102642.0,0.12121743535784571,0.04240953995440463,0.004715418639543267,0.25153445957795056,0.4028565304651118,0.026977260770444846,0.0,0.0017439254885914148,0.0036437325851016154,3.897040197969642e-05,0.14639231503672961,0.7608094152491183
TILS.1,1,TILS,765452,1252257,0.9695872596242495,987.220216566,-65,0.4566863552294016,2273.2078655503547,821761,2354.2636362918884,576.1963263655008,35522.3916524242,0.6112579127128057,1.4081868894802076,0.2447458804032015,0.007622956290998237,0.014995787920831253,0.001638976995366058,0.007155949119655802,0.10098115897028748,0.07132235703495829,0.022052166895284962,0.7818536030636162,575818.0,0.23642366164308862,0.1141541250881355,0.03304169025629626,0.10210517906699686,0.22817626402786992,0.035068372298191444,0.0027960223542855553,0.007356491113511561,0.015442379362923702,0.002266341100833944,0.03808842377278932,0.6993355539423916,981143.0,0.16421969070767461,0.10879148095639474,0.03432731008629731,0.06449824337532857,0.17313072610210745,0.0249749526827384,0.0019711703594684975,0.006865462017259461,0.014232379989461271,0.0018998250000254804,0.02477722411513918,0.5718503826659315
TILS.60,60,TILS,10525,16900,0.8096736346896631,115.7620240335214,-3,0.4490954087728281,189.76301009416983,11188,181.21270522358083,106.35018514040966,1508.5483399593904,0.6227810650887574,1.4227450009713465,0.5868804011793459,0.058118380771843295,0.038896814075130764,0.0,0.001806942463147884,0.08597242035187827,0.0673323823109843,0.024251069900142655,0.7817403708987162,49654.0,0.453216256494945,0.14995770733475652,0.10406009586337456,0.11414991742860596,0.13443025738107706,0.08271236959761549,0.00010069682200829742,0.007451564828614009,0.03194103194103194,0.015446892496072824,0.029786119950054375,0.828009828009828,119986.0,0.34487356858300133,0.1343656759955328,0.15881019452269432,0.09333588918707182,0.11855549814144983,0.059756971646692116,8.334305668994716e-05,0.005183938126114713,0.04302168586335072,0.02069408097611388,0.02096077875752171,0.7592469121397496
TILS.167,167,TILS,45948,94542,0.7461892547291537,241.8735425826712,-5,0.32169261790075054,452.6908437333364,46861,403.85645384782606,268.86092311775997,4837.285676205487,0.48600621945801864,1.419013043338954,0.6657338778571738,0.02467590012352324,0.020012194590827925,0.0006968337615957494,0.008340229084099125,0.1149340185531989,0.066721832672793,0.0349505683550368,0.7543443229824485,125311.0,0.13962062388776725,0.1626992043795038,0.03651714534238814,0.07222031585415487,0.46115664227402225,0.02346960761625077,0.00017556319876148142,0.013207140634102353,0.017827644819688616,0.00406987415310707,0.060210197029789886,0.8586317242700162,245034.0,0.12906780283552485,0.16778895989944254,0.0419125509113021,0.057800142021107274,0.38700751732412647,0.02222140600896202,0.0003428095692842626,0.01304308789800599,0.017997502387423786,0.002979178399732282,0.03996180121942261,0.7622778879665679
TILS.252,252,TILS,80777,128902,0.7981711829054857,320.69996991747945,-7,0.4240262467191601,528.7362291350953,81742,475.53544591316415,286.4771572699793,5446.557754144129,0.6266543575739709,1.375869620088263,0.6024307120152971,0.034217900368886,0.05844615136436398,0.0007197190613870724,0.004814672341692829,0.05072778487845434,0.00853735714197079,0.10728777594401082,0.7694665392681201,129709.0,0.43401768574270094,0.09192114656654511,0.019690229667949026,0.20751065847396866,0.1279479450153806,0.10199754835824808,0.0010330817445204266,0.008226106129875337,0.008264653956163413,0.0010253721792628113,0.09082638829996377,0.7146766993809219,262771.0,0.3539165280795826,0.09521218094843038,0.032568281888031785,0.21151496930787644,0.1165197072736337,0.08458695974822183,0.0008220085169215781,0.007337187132522234,0.009399819614797675,0.003322284422558045,0.09405528007276298,0.6889991665746982
TILS.293,293,TILS,4337,7450,0.8520338970438355,74.31042931861181,0,0.43413413413413415,132.87964479181903,4337,125.51704438625966,65.70649295481212,584.6173157302028,0.5821476510067114,1.251056751326666,0.5234866171052464,0.159461533797649,0.010867052023121387,0.0,0.04416184971098266,0.11560693641618497,0.024739884393063585,0.0025433526011560694,0.8020809248554913,36498.0,0.027124773960216998,0.1606115403583758,0.1423365663871993,0.005315359745739492,0.6095402487807551,0.0047399857526439805,5.479752315195353e-05,0.021919009260781414,0.059153926242533836,0.005945531261986959,0.0011507479861910242,0.8593347580689353,96576.0,0.06707670642809808,0.16174826043737575,0.1794959410205434,0.012528992710404242,0.4001718853545394,0.007051441351888668,0.00012425447316103378,0.021102551358515572,0.07238858515573228,0.009536530815109344,0.00459741550695825,0.7351826540755467
TILS.408,408,TILS,18052,35953,0.6972414725847268,151.60646510475456,1,0.36928238278373293,255.1960031034969,18052,238.72641563796378,171.1277684758928,2012.3027406794408,0.5020999638416822,1.3772014467012064,0.7168363334178045,0.05602070261824172,0.023997709049255442,0.004753722794959908,0.037056128293241695,0.1592783505154639,0.005899198167239404,0.008190148911798397,0.7608247422680412,73935.0,0.08341110434841414,0.15437884628389803,0.046743761412051124,0.01594643944004869,0.17070399675390546,0.012970852776087104,0.0051396496922972885,0.00903496314330155,0.016338675863934535,0.0009738283627510651,0.005112598904443092,0.48177453168323525,159109.0,0.09562626878429253,0.12074741215141821,0.059261261148018024,0.016686673915366195,0.25424708847393923,0.016259293943145892,0.0025139998365900106,0.008007089479539185,0.024002413439843127,0.0023003098504798597,0.007416299517940531,0.5454436895461602
TILS.451,451,TILS,4368,9727,0.9289019715518865,74.57553440239762,1,0.21666666666666667,184.62935844550833,4368,197.29342603080994,73.06282694375216,671.9310242291876,0.44905931942017063,1.135566785970957,0.3703257042753287,0.12157467194348469,0.010675330703179392,0.0009282896263634254,0.04038059874680901,0.1383151543281504,0.005337665351589696,0.01206776514272453,0.7922951961011836,43893.0,0.11423233773038981,0.1548766318091723,0.061490442667395714,0.02253206661654478,0.13179778096735242,0.01847675027908778,0.000341740140796938,0.008201763379126512,0.01681361492720935,0.002802269154534892,0.010183856195748752,0.5201968423210991,111102.0,0.13618116685568216,0.13317492034346817,0.08484095695847059,0.016516354341055965,0.20153552591312487,0.026579179492718402,0.0030512502025166065,0.00943277348742597,0.021826789796763335,0.003879318104084535,0.007668628827563861,0.5668304800993681
TILS.633,633,TILS,7386,14737,0.8270877838612709,96.9749827399516,1,0.2964836223506744,188.95766721676048,7386,167.01335237485165,93.87365744952947,1002.097546470558,0.5011874872769221,1.2643928728232203,0.5620727691210914,0.09242706657163875,0.0013749484394335212,0.0,0.013336999862505156,0.148769421146707,0.044410834593702736,0.005637288601677437,0.7864705073559741,48924.0,0.09016024854876951,0.09721200228926498,0.06831003188619082,0.021237020685144305,0.4157059929686861,0.004026653585152481,0.0,0.012406998610089117,0.03701659717112256,0.0057231624560542885,0.005907121249284605,0.6663191889461205,118503.0,0.07569428622060201,0.09360100588170764,0.06861429668447212,0.02837902837902838,0.39627688750495765,0.003805810823354683,3.3754419719332e-05,0.012160029703889352,0.03502021045880695,0.004151793625477836,0.008708640287587655,0.6302287705796478
TILS.682,682,TILS,48398,69514,0.8102057485847132,248.2382877118121,-3,0.47437857758958674,419.7058493754882,48398,364.4875000631087,213.64273837301468,3289.043902070145,0.6962338521736628,1.264430413074815,0.5861455834178779,0.056220918727033976,0.05922798804572718,0.0005224769587661184,0.0030303663608434867,0.07377374657777593,0.0005015778804154737,0.09912432861710799,0.7638195155593638,94039.0,0.3317347058135454,0.04424759940024883,0.10743414966131073,0.10881655483363285,0.0,0.08702772254064803,5.316942970469699e-05,0.0035410840183328195,0.021406012399111007,0.0,0.04624676995714544,0.47956698816448495,200072.0,0.24073333599904034,0.030813906993482347,0.09935423247630853,0.15860290295493623,0.0,0.062397536886720784,0.00031488664080930867,0.002983925786716782,0.016114198888400176,3.998560518213443e-05,0.06518653284817466,0.4237124635131353
TILS.694,694,TILS,5019,9530,0.9026713247514231,79.9399104016622,-1,0.3238064516129032,159.15401345866212,5019,161.67121175852677,69.57207973532375,775.8721497261419,0.5266526757607555,1.3315066534344275,0.4303306629459615,0.10477236175588898,0.00545187670371147,0.0006290626965820927,0.03145313482910463,0.12182847557139861,0.007548752358985112,0.005242189138184106,0.827846508702034,41209.0,0.02322308233638283,0.12999587468756824,0.05666237957727681,0.00907568734985076,0.44597054041592854,0.004343711325195953,0.00014559926229707103,0.011138343565725933,0.019995632022131088,0.0010677279235118543,0.005726904317018127,0.6573078696401271,104697.0,0.017479010859910025,0.1091435284678644,0.04815801789927123,0.0062848028119239325,0.3859995988423737,0.0042790146804588475,5.7308232327573853e-05,0.009541820682541047,0.01814760690373172,0.0006781474158762906,0.004173949587858296,0.5773231324679791
TILS.710,710,TILS,9974,13931,0.7349871694147481,112.69113194563498,-2,0.512854792266557,188.22327167489146,9974,157.16877456106226,106.5731619364011,895.0437226013955,0.7159572177158854,1.2418897308293788,0.6780810134458097,0.15645546077011327,0.025264217413185706,0.0012078510317060896,0.01389028686462003,0.07367891293407146,0.01660795168595873,0.009864116758933065,0.8594866633115249,45469.0,0.18564296553695925,0.24251687963227694,0.01966174756427456,0.016318810618223406,0.13182607930678045,0.03219776111196639,0.0003298950933603114,0.012030174404539356,0.006905803954342519,0.00026391607468824913,0.007697552178407266,0.7228881215773384,114287.0,0.1613131852266662,0.1677093632696632,0.011427371442071278,0.016126068581728454,0.14520461644806495,0.0297584152178288,0.00013124852345411115,0.010788628627927935,0.004217452553658772,0.00015749822814493337,0.006317428928924549,0.676586138405943
TILS.720,720,TILS,4125,8079,0.819974950210161,72.47146419131151,1,0.31108597285067874,138.03260484392808,4125,127.7450321982579,73.12118066563846,777.9726547895302,0.5105829929446714,1.2763125524099124,0.5723994069073133,0.08564561902886116,0.0031591737545565005,0.0,0.018955042527339004,0.18955042527339003,0.031105710814094776,0.010935601458080195,0.7462940461725395,38824.0,0.05390995260663507,0.079049041829796,0.08546260045332783,0.03330414176797857,0.670950958170204,0.002343910982897177,0.0,0.012775602719967031,0.04407067793117659,0.007212033793529775,0.0057438697712755,0.8630743869771276,100421.0,0.07502414833550751,0.09253044681889246,0.1033050855896675,0.02968502604037004,0.5424662172254807,0.002529351430477689,3.983230599177463e-05,0.013781977873154022,0.04988000517819978,0.007329144302486532,0.0053873193853875186,0.7857719002997381
TILS.921,921,TILS,8368,14883,0.8577724152047174,103.22048493561654,1,0.3063742540182331,212.43822631532208,8368,189.39458623008133,97.35443335713008,1473.6194077712557,0.5622522340925888,1.350798471204813,0.5140296525628323,0.04842402335077537,0.02368927368927369,0.0,0.010942760942760943,0.12506012506012507,0.016474266474266475,0.006493506493506494,0.8173400673400674,50135.0,0.25630796848509024,0.2862670788870051,0.02724643462650843,0.04282437418968784,0.2026528373391842,0.03518500049865363,7.978458162960008e-05,0.019108407300289218,0.022618928891991623,0.0006981150892590007,0.006741797147701207,0.7336192280841727,121173.0,0.18276348691540195,0.2824886732192815,0.01885733620526025,0.04057834666138496,0.23773447880303367,0.02352009110940556,0.0001650532709431969,0.022150148960577026,0.017776237280582308,0.00037136985962219306,0.00800508364074505,0.6927863467934275
TILS.931,931,TILS,146250,374548,0.8687522735946686,431.5220543813694,-14,0.2613548636129696,953.2617688756851,167227,952.3420830135226,471.6444597027276,14295.212547144538,0.3904706472868631,1.4621827067815187,0.4952468951180755,0.008993412316472462,0.015437650905260565,0.0013816594961730767,0.01611480085635529,0.19184547301318047,0.024049083111606622,0.01405599140908749,0.7371153412083364,314311.0,0.12444998743282927,0.1499374823025602,0.07155969724254004,0.04675941981031526,0.5041758004015131,0.02395716344639545,0.00110400208710481,0.015405124224096517,0.034889011202280544,0.002335266662636688,0.018605775808037264,0.8346955722198715,531546.0,0.11295165423124245,0.14070278019211885,0.0785990299992851,0.07907311878934278,0.45574606901378245,0.022694178866927792,0.000906788876221437,0.01448604636287358,0.0367983203711438,0.0029160223197992273,0.028597713085979387,0.8047807715606927
TILS.933,933,TILS,4099,7616,0.9406178986185532,72.24270824013612,1,0.28323659480375896,166.01204775557707,4099,156.1756900224644,53.0165216518476,678.9604614807105,0.5382090336134454,1.1888172449665944,0.3394671836841039,0.1117374648411488,0.0019583843329253367,0.0,0.02692778457772338,0.17649938800489595,0.03769889840881273,0.0200734394124847,0.7368421052631579,39229.0,0.01970481021693135,0.05297101633995258,0.07688189859542685,0.008794514262407913,0.8406281067577558,0.0007647403706441663,0.0,0.009278849830482551,0.050906217339213335,0.003466823013586887,0.002931504754135971,0.9326518646919371,102242.0,0.03824260088808904,0.0648950529136754,0.07561471802194793,0.02118503159171378,0.7959644764382543,0.0022789069071418792,0.0,0.012108526828504919,0.05082060210089787,0.004391541636509458,0.007179045793313903,0.923221376733632
TILS.983,983,TILS,60188,138086,0.6763697848128956,276.8280002429667,-3,0.3038232829552453,508.3168303332086,63238,509.9823164845855,375.63371074283475,7417.389498799204,0.43587329635154903,1.4609070724529392,0.736562226965351,0.0137473062035629,0.011217096516883808,3.323584153150758e-05,0.01960914650358947,0.1832956660462643,0.032920101036958256,0.013892581760170167,0.7390321722946025,164779.0,0.09405931581087396,0.14354984555070732,0.04731792279355986,0.018667427281389013,0.6810576590463591,0.019116513633412026,0.0,0.021392289065961075,0.032449523300906065,0.002997954836477949,0.013345147136467632,0.9106985720267753,298561.0,0.09309655313319556,0.13589517719996919,0.06774160054394245,0.035594066204226275,0.6504265459989751,0.017058490559718115,9.378317998666939e-05,0.019969118538590104,0.03912098365158209,0.00368768861304725,0.013642103288775157,0.9064278321683006
TILS.1045,1045,TILS,68765,116038,0.8704390421896105,295.89578789451105,-10,0.4034320915224406,526.468422604813,74417,503.2374784312378,247.73184213894123,4436.105914634771,0.5926075940640135,1.3248738049268145,0.49227621700833085,0.04391101724142997,0.06064799494600042,0.011281249059895911,0.02017087331909389,0.10535182455401462,0.0008122499323125056,0.044583496284708646,0.757077103576908,127178.0,0.08529777162716821,0.05324820330560317,0.08940225510701537,0.07830756891915268,0.0,0.0340939470663165,0.001556873044079951,0.0058186164273695135,0.02616804793281857,0.0001729858937866612,0.03789177373445093,0.4113840444101967,256415.0,0.0586159156055613,0.039962560692627186,0.09527523740810795,0.06441120839264473,0.0005576896827408693,0.021726498059785895,0.0010217810970497047,0.004235321646549539,0.02194489401946064,0.00027689487744476726,0.03549324337499756,0.3463291929099312
TILS.1092,1092,TILS,7588,12053,0.5471595903831427,98.29212412726879,-1,0.4103396063162449,141.22322755127783,7588,130.90667560440806,109.57259273808573,858.8010819142764,0.6295528084294366,1.204634934080245,0.8370283045702526,0.12928615524883175,0.12317383728722692,0.0010722423267658491,0.026672027878300496,0.09744002144484654,0.004154939016217665,0.008845999195818254,0.7386409328508243,43339.0,0.21853296107432105,0.17723066983548305,0.03611066245183322,0.05383142204480953,0.06352246244721844,0.045178707399801565,0.0029996077436027597,0.010567848819769722,0.012921387203211888,0.0,0.0157594776067745,0.5420060453632987,108848.0,0.1795715125679847,0.14825260914302513,0.10185763633691018,0.03707004262825224,0.09914743495516684,0.04079082757606938,0.002930692341613994,0.010546817580479201,0.03165882698809349,0.00015618109657504042,0.010445759223871821,0.5134407614287814
TILS.1183,1183,TILS,26748,50792,0.8431295611108918,184.5443343551249,-7,0.31380002111709426,332.13250367887815,28864,320.8846311433457,172.54302392817613,3934.1404025201764,0.5266183650968657,1.3936854573918962,0.5377104640798382,0.021717081862561015,0.02195459475633018,0.0,0.0022066798818117218,0.020832554138459813,0.029771477727493736,0.08202116916632382,0.8432135243295807,87482.0,0.22305159918611828,0.09627123293934753,0.07543266043300335,0.3766260487871791,0.17753366406803686,0.03568734139594431,0.0002057566127889166,0.00943051141949201,0.010104935872522347,0.0038064973365949566,0.12559155026176813,0.8151734071008894,184765.0,0.18992774605580062,0.10209725867994479,0.07831028603902254,0.28287283847048955,0.27565826861147946,0.02601141991177983,0.0002814385841474305,0.01041322761345493,0.015176034422103753,0.004178280518496468,0.10303358320028144,0.828809568911861
TILS.1225,1225,TILS,17916,39440,0.6931576110276639,151.03429969207383,-3,0.2863444572305332,275.18720900506986,17916,248.01553336748321,178.76613601519767,2371.190042307233,0.4542596348884381,1.2971540082533812,0.720786047502601,0.04004222418404848,0.0021938459807616583,0.0,0.019744613826854926,0.19609607920346514,0.017550767846093267,0.00545648872138156,0.7589582044214435,79004.0,0.05813629689635968,0.09755202268239582,0.013733481849020302,0.00886031087033568,0.658789428383373,0.011670295174927852,2.53151739152448e-05,0.014201812566452332,0.01974583565389094,0.00017720621740671357,0.00691104247886183,0.7849349400030379,167743.0,0.04874122914219967,0.09723207525798394,0.01942853054970997,0.011177813679259343,0.5943377667026344,0.010110705066679385,0.0001073070113208897,0.015172019100648014,0.021544863272983075,0.0004411510465414354,0.005824386114472735,0.7189748603518478
TILS.1407,1407,TILS,259428,425552,0.8134724509773191,574.7294916841781,-20,0.43996499654035576,936.2547730185412,278853,903.0041976821154,525.1903555323894,17779.546637647803,0.6096270256043915,1.4350524180617898,0.5816034486666607,0.010313007801419916,0.010709608125702673,0.0013251787832308864,0.007286551560272454,0.14588557100524277,0.04183392380415171,0.01910884624448969,0.7738503204769098,302546.0,0.15621426163294178,0.1035842483457061,0.044670893021226524,0.0899598738704197,0.35345038440435506,0.01969948371487311,0.0009287843832012322,0.008259900973736226,0.01942845054966848,0.0033813040000528847,0.03608046379724075,0.7168959430962565,506910.0,0.1351087964332919,0.11295496241936438,0.04917243692174153,0.06766684421297667,0.2570870568740013,0.020114024185752893,0.0006786214515397211,0.009654573790219171,0.01769544889625377,0.0033674616795880924,0.027847152354461346,0.6247440374030893
TILS.1409,1409,TILS,6777,8373,0.8345319782717918,92.89103506081842,1,0.523886827458256,135.9301291105103,6777,133.25030996770283,73.41552495294384,514.9188309203678,0.8093873163740595,1.1125314114742038,0.5509595059909299,0.3211957577011787,0.00813729841692558,0.0,0.024707797011392217,0.1908566355969818,0.04690042905755289,0.005918035212309513,0.723479804704838,36453.0,0.1659945683482841,0.26469700710503935,0.09277700052121911,0.011631415795682111,0.44726085644528574,0.029544893424409514,0.0,0.034235865360875646,0.06386305653855649,0.004306915754533234,0.015773736043672673,0.8522755328779524,97775.0,0.12687292252620813,0.22105855279979544,0.1484735361800051,0.0231654308361033,0.4670314497570954,0.020271030427000767,6.136537969828688e-05,0.02858603937611864,0.07097928918435183,0.00949117872666837,0.010616210687803631,0.8599948862183585
TILS.1428,1428,TILS,13520,25586,0.8427324714756966,131.2028911450483,-1,0.29752866354173546,254.6075411294803,13520,236.748364161833,127.44936095121572,1969.4844148224615,0.5284139763933401,1.350949652094757,0.5383325937749489,0.043800741099590645,0.016732064855260236,0.00014807137040053305,0.0008884282224031983,0.01917524246686903,0.032575701488117274,0.08610350188790997,0.8443769897090397,63381.0,0.2507376027516133,0.02341395686404443,0.10197062211072719,0.3374197314652656,0.19606822233792462,0.02821034694940124,0.0004102175730897272,0.0016093150944289298,0.008551458639024314,0.00866190183177924,0.11585490919991796,0.8367018507123586,143253.0,0.19213559227380927,0.025046595882808737,0.11243045520861693,0.3049011189992531,0.25219018100842566,0.02311993466105422,0.00018149707161455606,0.003036585621243534,0.012662911073415566,0.008816569286507089,0.10290883960545329,0.7978192428779851
TILS.1454,1454,TILS,13675,25768,0.8860573992188447,131.95283541573994,-2,0.37223038815395504,255.66579747787932,15035,262.5302332724123,121.70259578913533,1774.3067452927976,0.5306969885128842,1.3379254466204882,0.4635755443177916,0.05458581410512076,0.027230803015884635,0.0013176195007686114,0.009662543005636483,0.05665763853305029,0.041578215357587295,0.027962813849644975,0.8355903667374277,62026.0,0.19940025150743237,0.05473511108244929,0.11056653661367813,0.12093315706316705,0.5105600877051559,0.03751652532808822,0.0001612227130558153,0.007335633444039596,0.02560216683326347,0.007206655273594944,0.03053558185277142,0.8916422145551866,142929.0,0.15949877211762484,0.05541912418053719,0.1370050864415199,0.16371065354126874,0.4798606301030582,0.027859986426827306,6.996480770172603e-05,0.007318318885600543,0.027482176465237984,0.00884355169349817,0.04111132100553422,0.8873146807156
TILS.1549,1549,TILS,5817,10301,0.8891481681701325,86.06064391883459,-1,0.3378048780487805,168.12197952677099,6663,164.2511497774019,75.16451616081427,1021.0681092190351,0.564702456072226,1.3605779772689017,0.4576194216154924,0.07011315390451658,0.007587515088808415,0.0005173305742369374,0.03517847904811174,0.16278668735988963,0.01603724780134506,0.015347473702362476,0.7625452664252458,42401.0,0.07006910214381737,0.1062239098134478,0.05603641423551331,0.025872031320016038,0.702176835451994,0.016532628947430485,0.0009197896276031225,0.016556213296856206,0.03396146317303837,0.00011792174712860545,0.008820546685219689,0.8846489469587981,106952.0,0.04461814645822425,0.1497307203231356,0.047899992520008976,0.04990089011893186,0.6118819657416411,0.009415438701473558,0.0004955494053407135,0.01862517764978682,0.02834916598100082,0.00011219986536016157,0.0056941431670282,0.8428640885630937
TILS.1635,1635,TILS,7628,16996,0.7978669818841311,98.55085614666075,0,0.3556177156177156,174.8656627242753,7628,197.5479361448907,119.0885220378856,1054.9676041556468,0.44881148505530716,1.2875286859009973,0.602833541882921,0.08612759122875585,0.014576493762311227,0.0,0.011293499671700591,0.17465528562048588,0.013394615889691399,0.0034143138542350624,0.7826657912015759,52210.0,0.06648151695077571,0.06627082934303773,0.06738172763838345,0.01819574794100747,0.6984294196514078,0.014096916299559472,0.0,0.008312583796207623,0.03227351082168167,0.0023175636851177936,0.004788354721317755,0.8551809998084658,122472.0,0.05869913122999543,0.04454079299758312,0.0839212228101117,0.025622183029590438,0.5750865503951924,0.012239532301260696,8.165131621921746e-05,0.006866875694036188,0.027941080410216212,0.004498987523678882,0.0049970605526161085,0.7316529492455418
TILS.1677,1677,TILS,8250,18264,0.9419093822816288,102.49012754438884,0,0.336734693877551,251.79356624028344,8250,260.78573398866905,87.58935080015505,1151.1513703397204,0.4517082785808147,1.2441812413830093,0.3358671099852446,0.07823461378042702,0.005857944837686112,0.003295093971198438,0.010739565535757872,0.20832316329021236,0.001708567244325116,0.00732243104710764,0.7627532340737124,58463.0,0.017121940372543318,0.12127328395737474,0.041068710124352155,0.0050630313189538685,0.6268751175957443,0.003831483160289414,0.00035920154627713254,0.015924601884952875,0.028051930280690352,0.0008723466123873219,0.0023946769751808836,0.7606520363306707,135678.0,0.02494877577794484,0.13991214493138165,0.033778504989755154,0.013333038517666828,0.5358348442636242,0.005350904347057003,0.00021374135821577558,0.016524418107578237,0.019752649655802708,0.0007296687745986822,0.002528044340276242,0.7046389245124486
TILS.1693,1693,TILS,6968,13253,0.9341316419080361,94.1909398387903,-1,0.26460089617984356,189.02380802428036,6968,221.9631894755933,79.22502604524263,962.6417023478423,0.5257677506979552,1.2501078766903202,0.3569286701656181,0.09449061216497517,0.02243635840644326,0.0,0.0024449877750611247,0.04199626060693226,0.02603192866388609,0.04544800805407738,0.8616424564935999,47988.0,0.17791947986996748,0.03309160623489206,0.11219471534550304,0.21030257564391097,0.4516337417687755,0.025068767191797948,0.0001667083437526048,0.002834041843794282,0.01923397516045678,0.006605818121196966,0.06855880636825873,0.8751562890722681,117849.0,0.14731563271644224,0.03276226357457424,0.10511756569847856,0.17424840261690808,0.359612724757953,0.022579741873074866,0.00015273782552249066,0.0029953584671910667,0.01880372340876885,0.0070768525825420665,0.05240604502371679,0.7259119720998906
TILS.1758,1758,TILS,4241,6101,0.9709184476298472,73.4833920639339,1,0.2923214778053488,174.15223225672418,4241,174.05898103690046,41.671540606170964,622.5756851698602,0.6951319455826913,1.1545501927718937,0.2394104593622584,0.13749719107122546,0.01352657004830918,0.0,0.0321256038647343,0.09154589371980676,0.007004830917874396,0.036231884057971016,0.8195652173913044,38521.0,0.016354715609667454,0.40219620466758393,0.004906414682900236,0.009838789231847564,0.00036343812465927677,0.0005451571869889151,0.0,0.029412528231354325,0.004049739103346227,0.0,0.00542561200384206,0.4559331273850627,101526.0,0.04846049287867148,0.30440478301124835,0.008884423694423103,0.02058585977976085,0.016714930165671847,0.006175757933928255,0.0,0.021088194157161712,0.003870929614089002,0.0,0.006136359159230148,0.42224651813328606
TILS.1769,1769,TILS,8578,14303,0.6927357315603068,104.50764955130427,1,0.4192570869990225,161.96913286178943,8578,146.67161965700262,105.77832808738458,1157.1686142824235,0.59973432147102,1.3003538565276218,0.721191518405206,0.08050124819243988,0.0270901447921532,0.0,0.002919196637085474,0.040985520784680055,0.04588977113498365,0.04647361046240075,0.8366417561886969,46283.0,0.10323444893373376,0.024739105070976385,0.0845882937579673,0.09718471144912819,0.5486895836484238,0.018754186202277295,0.0,0.0031328997688136032,0.017349782857636713,0.004299634855130394,0.022167966640019014,0.7954324481991228,113848.0,0.09984365118403485,0.027246855456398003,0.07366839997189235,0.10427060642259856,0.5052262666010822,0.016267303773452323,7.026913077085236e-05,0.0026614433279460335,0.018190921228304405,0.003153327243342,0.029987351556461248,0.7457575012297097
TILS.1808,1808,TILS,40449,65020,0.6475736145643015,226.9389044324322,-6,0.49328048780487804,355.7091508522096,42795,293.41392394370996,223.58225981182625,2912.074385342194,0.6221008920332205,1.3367082905631795,0.7620028961363109,0.059939446010138495,0.0029923090239137424,0.0,0.016445334718203624,0.18913371417266364,0.043079358013700324,0.005292182901797858,0.7430571011697208,92033.0,0.06538958851716233,0.08290504492953614,0.04795019177903578,0.018917127552073712,0.7697565003857312,0.0111916377820999,0.00013038801299533864,0.012223876218312996,0.036562971977442876,0.0018145665141851292,0.012549846250801343,0.9255267132441625,193953.0,0.06732558918913345,0.11568266538800637,0.06477858037772037,0.02080916510701046,0.7140338123153548,0.011554345640438663,0.00016498842503080642,0.015483132511484742,0.04052012600990962,0.00230983795043129,0.011580125081849727,0.9125870700633658
TILS.1877,1877,TILS,4515,9160,0.9434897904334911,75.82002733103741,1,0.24860965805847696,171.40011668607463,4515,174.7100682104371,57.89919478755415,920.9432175380074,0.49290393013100436,1.3225882224159222,0.3314015922529145,0.06689627123609052,0.011325782811459028,0.0017765933821896514,0.019320453031312457,0.18032422829224962,0.0013324450366422385,0.01798800799467022,0.7679324894514767,42160.0,0.10766129032258065,0.1698055028462998,0.05562144212523719,0.04302656546489564,0.6115749525616698,0.024549335863377608,0.0002846299810246679,0.014278937381404174,0.03259013282732448,0.003581593927893738,0.014492409867172675,0.9102229601518027,107057.0,0.09765825681646226,0.15149873431910105,0.1531053550912131,0.047320586229765454,0.541674061481267,0.02071793530549147,0.0008593552967110979,0.013805729658032636,0.06351756540908114,0.007547381301549642,0.011274367860111902,0.8822776651690221
TILS.1944,1944,TILS,8871,17740,0.502217372299376,106.27750468159114,1,0.39539133535389553,176.3887751530692,8871,151.73126786327097,131.20831093357828,1161.0508652763322,0.5000563697857948,1.3033858634463902,0.8647414127707252,0.08269513306221964,0.013772860690900881,0.0,0.004289907428313389,0.14867916008128246,0.012079476179724543,0.0041770151275683,0.8170015804922104,51684.0,0.04767432861233651,0.06450739106880272,0.060037922761396176,0.014898227691355159,0.6491370636947604,0.007468462193328689,0.0,0.004256636483244331,0.029119263214921445,0.0010448107731599722,0.0021283182416221656,0.7924502747465366,122206.0,0.03165147374106018,0.03444184409930773,0.03562018231510728,0.010506849090879336,0.6136441745904456,0.004885193853002307,0.0,0.0024876029000212756,0.017552329672847488,0.0004582426394776034,0.0017265928023173984,0.6988773055332799
TILS.2011,2011,TILS,8799,13567,0.9127891578224572,105.84533411598593,1,0.45243726861373923,190.67249408344142,8799,194.12712375936982,79.28755230007275,926.6000717874998,0.6485590034642883,1.2622220438797989,0.4084310876534368,0.12878299553151518,0.03322712790168411,0.0051206190259444695,0.00432407828857533,0.17364588074647247,0.004893035958124715,0.011151570323167955,0.7676376877560309,46852.0,0.1104755399982925,0.06838555451208059,0.057777682916417654,0.05920771792025954,0.7028728762913002,0.02458806454366943,0.0012165969435669768,0.006851361734824554,0.03848288226756595,0.0008537522410996329,0.022368308716810382,0.9056390335524631,116027.0,0.07983486602256372,0.09873563911848104,0.06905289286114438,0.05206546752049092,0.699259655080283,0.017332172683944255,0.0006464012686702233,0.009859774018116474,0.04219707481879218,0.0013789893731631431,0.01934032595861308,0.9092452618787007
TILS.2018,2018,TILS,4841,9465,0.9460748747529364,78.50957034695148,0,0.3893983268983269,169.84993376507393,4841,187.23358440136954,60.65395232527167,931.9015869776647,0.5114632857897518,1.3822944202455012,0.3239480380573647,0.07004946843675984,0.04579517069109076,0.0008326394671107411,0.0012489592006661116,0.07930890924229808,0.024354704412989175,0.04829308909242298,0.8001665278934221,42255.0,0.3290498165897527,0.14242101526446574,0.06979055733049343,0.21810436634717784,0.06574369897053603,0.0436161401017631,0.0005679801206957757,0.003668204946160218,0.020281623476511655,0.005230150278073601,0.0594012542894332,0.8609631996213466,107329.0,0.29584734787429307,0.14856189846173914,0.10323398149614736,0.18593297244919826,0.05625692962759366,0.03921586896365381,0.00022361151226602316,0.005198967660185038,0.028743396472528392,0.01026749527154823,0.04505771972160367,0.7921717336414204
TILS.2046,2046,TILS,5270,10701,0.9014936291095929,81.914421201363,1,0.2643061337078088,177.12425017484196,5270,177.90683482964758,76.99672092037537,799.3218971944477,0.4924773385664891,1.2550752556151878,0.43279237132234183,0.1036518500822993,0.0028527957398250285,0.0,0.04640547736782046,0.18657284138455688,0.022632179535945228,0.0003803727653100038,0.7411563332065424,43995.0,0.10128423684509603,0.11242186612115013,0.02877599727241732,0.01993408341857029,0.5419252187748608,0.017638367996363223,0.0,0.016842823048073646,0.026412092283214002,0.0006591658142970792,0.014751676326855324,0.7436754176610979,109960.0,0.07678246635140051,0.07963805020007275,0.05293743179337941,0.014514368861404147,0.4817933794106948,0.01411422335394689,0.0,0.011558748635867588,0.031193161149508913,0.0021189523463077484,0.010958530374681702,0.6505911240451073
TILS.2148,2148,TILS,28043,41109,0.7851600986581525,188.95887529567952,-2,0.4060025191469647,300.6409819036653,28043,269.6063303311918,166.96526951387028,2137.2661607529817,0.682162056970493,1.266243137712839,0.6192928382236632,0.07714665792554634,0.008421353125892093,0.0013916642877533543,0.008028832429346275,0.17035398230088494,0.00331858407079646,0.026798458464173565,0.7816871253211533,71696.0,0.03785427359964294,0.14204418656549878,0.025691809863869673,0.07003180093729078,0.6425881499665254,0.008787101093505913,8.36866770810087e-05,0.014129100647176969,0.022358290560142824,0.0,0.020266123633117607,0.8541620174068288,161622.0,0.03607182190543367,0.150196136664563,0.03312049102226182,0.04496912549034166,0.615033844402371,0.008587939760676146,0.0003155511007164866,0.014391605103265644,0.02374057987155214,6.806004133100692e-05,0.012888096917498855,0.8204514236923192
TILS.2165,2165,TILS,43307,83206,0.861069194724496,234.81947313595117,-6,0.3455933988764045,431.4313386855433,47695,445.8815148629748,226.72531017964604,4847.642061285341,0.5204792923587241,1.3840406436600936,0.5084877991618955,0.023158310572697464,0.01591407783808754,9.238942141124841e-05,0.006559648920198637,0.10717172883704816,0.048966393347961656,0.009954960157062017,0.8113408014782307,118026.0,0.057038279701082814,0.14773863386033587,0.05370850490569874,0.015471167369901548,0.7004558317658821,0.010074051480182332,4.236354701506448e-05,0.007328893633606155,0.019910867097080304,0.003084066222696694,0.004033009675834138,0.9319387253655974,228895.0,0.057681469669499115,0.1262412896743048,0.0858559601564036,0.01984752834268988,0.6167413005963434,0.009532755193429302,9.611393870551999e-05,0.006627492955285174,0.030760829201162104,0.0031673911618864546,0.004954236658729985,0.8532121715196924
TILS.2184,2184,TILS,13029,20241,0.8815585804481355,128.7984395416126,0,0.36689006533002927,224.96444163467257,13029,209.86866184553924,99.07367376759316,975.7544007200504,0.643693493404476,1.230896579944376,0.4720746437146017,0.17196493932027002,0.005308917442486728,0.0,0.025852119719935368,0.17227052396706932,0.008848195737477879,0.006078325767484804,0.7816419173655459,55036.0,0.058416309324805585,0.09902609201250091,0.04097318119049349,0.015517116069481795,0.64285195144996,0.012519078421396905,0.0,0.014227051384548295,0.030180245657387892,0.0009084962569954212,0.007540518933061996,0.7956973617268697,130954.0,0.029430181590482152,0.10292927287444446,0.025069871863402416,0.008415168685187165,0.5068420972249797,0.006567191532904684,0.0,0.014638728102998,0.02019029582906975,0.0004123585381126197,0.0034974113047329595,0.6293354918521007
TILS.2238,2238,TILS,208207,387876,0.9148241906625043,514.8760878994809,-12,0.36342008343369814,1044.361048680005,208207,992.0295194181383,400.6334276041281,13340.941156288924,0.5367875300353722,1.3832186900442716,0.4038523247162184,0.014700504974671819,0.037109084184690465,0.006902116745198058,0.0031892870694582537,0.08187918173652839,0.07153321133349665,0.0028242481880142367,0.796562870742614,286353.0,0.40224478179030776,0.03594863682238356,0.09299710497183546,0.030378588665039303,0.414746833453814,0.07592726459998674,0.0020953159212580277,0.00449445265109847,0.024738696643653114,0.007176457030308745,0.005074156722646524,0.8804831798514421,505213.0,0.34082852183138596,0.043007602733896394,0.11348876612438714,0.05838527512158238,0.39386951642178647,0.06461631034830853,0.002127815396674274,0.004726719225356434,0.030125907290588325,0.007596795806917083,0.015215364608590833,0.8569672593539754
TILS.2385,2385,TILS,528542,992223,0.7689655470401191,820.3417430884597,-57,0.37140813280527535,1468.6813813758245,576068,1269.8489505446266,811.8020170238971,32328.21502891506,0.532684688824992,1.476845288303955,0.6392902216249599,0.006355151608081503,0.016169467217379625,0.001986653472764873,0.009047787530249164,0.16257447585459212,0.012014523382911374,0.04966255271726894,0.7485445398248339,525514.0,0.13442648530771778,0.11686653447862473,0.06411627473292815,0.17241976426888722,0.4746952507449849,0.027837507659167978,0.00029494932580292817,0.009377485661656968,0.02925707022077433,0.0014880669211476763,0.05941801740771892,0.8723269028037312,863717.0,0.12933750290893892,0.12049317079552678,0.07288961546432454,0.1613178853721763,0.4584059362036408,0.02606293496596686,0.0002442929802238465,0.00852246742856746,0.0284977602617524,0.002636280170472504,0.05651156570960164,0.8645621193052817
TILS.2415,2415,TILS,5333,9781,0.8548720655509431,82.40258789669547,1,0.3205505800324578,147.33974345029924,5333,148.49089756909865,77.04284642594847,859.6295090390227,0.5452407729271036,1.2918422512077348,0.5188388492977989,0.09068987785229383,0.020477174525643436,0.0,0.0107082472290062,0.0804057862107834,0.021040766485064814,0.02028931053916964,0.8470787150103325,40923.0,0.07220878234733524,0.03846247831292916,0.07858661388461256,0.03450382425530875,0.7047137306649073,0.019475600518046088,0.0,0.006084597903379518,0.022945531852503483,0.004765046550839381,0.006451139945751778,0.8702196808640618,104543.0,0.05550825975914217,0.035564313249093676,0.12365246836230068,0.0329242512650297,0.5669246147518247,0.01437685928278316,0.0,0.005624479879092813,0.02492754177706781,0.011392441387754321,0.006514065982418718,0.7526663669494849
TILS.2444,2444,TILS,9731,23657,0.9297684904996737,111.30990077175466,-1,0.30641098305938663,238.76766950322232,9731,295.6969558958121,108.85928074796519,1257.0336213336288,0.4113370249820349,1.2903062171938426,0.36814474609039066,0.07738798683845675,0.002830188679245283,0.0006289308176100629,0.025262054507337525,0.16121593291404612,0.03312368972746331,0.003459119496855346,0.7734800838574424,62009.0,0.014352755245206341,0.07455369381863923,0.035962521569449596,0.005015400990178845,0.5316808850328179,0.001548162363527875,1.6126691286748698e-05,0.006998984018448935,0.01746520666354884,0.0008385879469109323,0.0015159089809543777,0.646728700672483,141508.0,0.019468863951154707,0.06483025694660373,0.05820872318172824,0.0038796393136783787,0.45126777284676484,0.0020634875766741105,0.0003321366989852164,0.0072858071628459165,0.02198462277751081,0.002028153885292704,0.0012649461514543348,0.5741300845181898
TILS.2504,2504,TILS,23181,33848,0.9261503602390416,171.79920222895626,0,0.4724741658683733,310.446452709642,23181,307.3882806847985,115.93287060119866,1446.7909806465095,0.684855826045852,1.1831645403732312,0.37715449119570804,0.13916513512038547,0.013810366406283716,0.0,0.007595701523456044,0.09179577920676708,0.07405808985369643,0.01350826464114626,0.7992317983686504,68459.0,0.11801224090331439,0.17993251435165575,0.06802611782234622,0.042127404723995385,0.5893454476401934,0.029506712046626447,0.0,0.01860967878584262,0.018624286069034022,0.004688937904439154,0.00797557662250398,0.9205948085715537,155313.0,0.07725689414279552,0.1652340757051889,0.06795310115701841,0.0294888386677226,0.616941273428496,0.018762112637061932,0.0,0.017583846812565595,0.0197085884632967,0.004777449408613574,0.005112257183880293,0.8924880724730061
TILS.2566,2566,TILS,6326,10201,0.661430216999781,89.74694067206212,1,0.4338820301783265,144.5856147754679,6326,124.65863789744769,93.49481513141222,725.0020920410531,0.6201352808548182,1.1518618553014284,0.7500067119963812,0.1512378629856607,0.01252179426216516,0.0028530670470756064,0.018703439530828973,0.16310033285782216,0.0012680297987002695,0.030591218893644,0.7709621176097639,40784.0,0.09278148293448411,0.21415260886622206,0.08549921537857984,0.049308552373479794,0.5573509219301687,0.024029030992546097,0.0007110631620243233,0.024642016477049822,0.043718124754805805,0.0006620243232640251,0.008066888976069046,0.8981708513142409,104743.0,0.06488261745414968,0.23220644816360042,0.08582912461930631,0.04366878932243682,0.5719904910113325,0.016297031782553487,0.0008496987865537554,0.024316660779240617,0.03579236798640482,0.0009069818508158063,0.006272495536694576,0.915564763277737
TILS.2581,2581,TILS,18950,28814,0.6796463017880477,155.33154661153455,0,0.4691523073876015,228.32652057962954,18950,205.00323305581796,150.37806778415643,1333.7554467405769,0.6576664121607552,1.2319660599726328,0.7335399815046416,0.1338648841071688,0.01631467793030623,0.004804646251319958,0.0045934530095036955,0.1773495248152059,0.007074973600844773,0.025448785638859557,0.7644139387539599,61211.0,0.08326934701279182,0.15137802029047068,0.07407165378771789,0.05119994772181471,0.6386270441587296,0.01610821584355753,0.0014703239613794907,0.017072094884906307,0.03657839277254088,0.0001306954632337325,0.011631896227802193,0.9166326313897829,141357.0,0.07407486010597282,0.1593341680992098,0.07026889365224219,0.03539973259194805,0.6153214909767468,0.015478540150116371,0.0008276915893800802,0.016964140438747284,0.03635476134892506,5.6594296709749076e-05,0.007661452917082281,0.8779190277099825
TILS.2832,2832,TILS,15591,34617,0.8327186786705508,140.89385274725765,0,0.2885085122131754,282.70302439132126,15591,286.8967474367917,158.85367001440025,1815.0651506262047,0.45038564866972874,1.2328748659990691,0.5536963086324234,0.059470199966807746,0.015856711818707066,0.005071579893432625,0.005264171534955383,0.12826603325415678,0.04776272709764396,0.002503691339795853,0.7952750850613083,75695.0,0.08494616553273003,0.04001585309465618,0.14217583724156152,0.0347843318581148,0.6509280665829975,0.010740471629566022,0.001928793183169298,0.004042539137327433,0.037083030583261775,0.006433714247968823,0.006486557896822775,0.8915912543761146,163158.0,0.1574731242108876,0.0465254538545459,0.16692408585542848,0.02713933732945979,0.507403866191054,0.021482244205003737,0.002843869132987656,0.003787739491780973,0.03649223452113902,0.010836122041211586,0.005669351181063754,0.832512043540617
TILS.2932,2932,TILS,5246,9155,0.822308183694483,81.7276859557437,0,0.3767866120807297,140.34600101178515,5246,132.84808679019764,75.59619391269935,868.9015869776647,0.5730202075368651,1.3709009229613391,0.569042398270182,0.08731663075001882,0.07192254495159059,0.012448132780082987,0.01679509978265165,0.12507409602845287,0.0,0.005137324639399328,0.7686228018178226,39376.0,0.4433665176757416,0.06341426249492077,0.02841832588378708,0.052112962210483546,0.07194737911418123,0.14018691588785046,0.0041141812271434375,0.0031999187322226735,0.012875863470134093,0.0007618854124339699,0.014907557903291345,0.6412027631044291,101704.0,0.36363368205773616,0.03848422874223236,0.11003500353968379,0.05106977110044836,0.04812003461024149,0.09923896798552663,0.002477778651773775,0.002005820813340675,0.01562377094312908,0.013588452764886337,0.014689687721230237,0.62790057421537
TILS.2934,2934,TILS,6327,12901,0.9307379498245768,89.75403389006745,0,0.2353794642857143,182.7785545407338,6327,200.19866556401556,73.21001842445371,816.9432175380073,0.49042709867452133,1.2013127558752525,0.36568684520548944,0.11913077181629904,0.005859993664871714,0.0,0.011403230915426037,0.09138422553056699,0.0023756731073804245,0.01916376306620209,0.8698131137155527,47059.0,0.090737159735651,0.0852971801355745,0.062198516755562164,0.07180348073694724,0.3714061072270979,0.006566225376654838,8.499968125119531e-05,0.000977496334388746,0.007564971631356382,0.0032512378078582206,0.01555494166896874,0.7658046282326442,116490.0,0.06649497810970899,0.051995879474633015,0.07785217615245944,0.03747102755601339,0.3397029787964632,0.005193578847969783,0.00029187054682805393,0.0014507683062923856,0.014808138037599793,0.0058803330758004976,0.008472830285861448,0.5976135290582882
TILS.2997,2997,TILS,5741,13731,0.893458149384354,85.4965977470716,1,0.25366737363025804,192.6058150731696,5741,188.12668538468952,84.49643325752402,939.5767311903867,0.4181050178428374,1.2553154216865448,0.4491464519493451,0.08172085564517771,0.006476457202870646,0.016978820234552775,0.0024505513740591634,0.14160686154384736,0.00437598459653422,0.009277087344652548,0.8188342377034833,48917.0,0.07486150009199256,0.02195555737269252,0.07876607314430566,0.025083304372712962,0.5953553979189239,0.009710325653658237,0.004252100496759817,0.0022895925751783633,0.02555348856225852,0.0002453134901976818,0.005090254921601897,0.7489011999918229,118384.0,0.07906473847817272,0.04184687119881065,0.08355014191106906,0.01968171374510069,0.5306544803351805,0.011868157859170158,0.00304095147992972,0.004502297607784836,0.031532977429382346,0.00032098932288147046,0.0051273820786592785,0.6984643195026355
TILS.3085,3085,TILS,24045,44077,0.6642472343510453,174.97155441144423,-1,0.32211177794448614,306.3494736408078,24045,259.3154920519667,193.84168865942388,2918.865186519955,0.5455226081629875,1.3581230380929357,0.7475129508289389,0.035465539606473286,0.051950214377887854,0.013445448112225783,0.0009574158098488948,0.08287890771344128,0.03854639304000333,0.0019148316196977897,0.810306789326895,80110.0,0.5030208463362876,0.03241792535264012,0.14627387342404194,0.015266508550742729,0.2844713518911497,0.07960304581200849,0.0028211209586818126,0.0017725627262514044,0.036200224691049804,0.009299712894769692,0.003507676944201723,0.8667956559730371,172855.0,0.38953458100720256,0.06318590726331318,0.16046397269387638,0.019293627606953804,0.31817997743773685,0.05984784935350438,0.002591767666541321,0.0024413525787509763,0.03938561221833328,0.008781927048682421,0.003841369934338029,0.8514303896329294
TILS.3138,3138,TILS,17896,28554,0.7061347772368338,150.94997480152315,1,0.4086591158202411,238.20999139414786,17896,218.3202989054997,154.5876807138778,1693.8925317304245,0.6267423128108146,1.31107163057653,0.7080774508319602,0.07837799122665433,0.023652426750167748,0.024714828897338403,0.0031312905390293,0.1682509505703422,0.00469693580854395,0.004585104003578618,0.7709684634309998,62758.0,0.20239650721820326,0.04466362854138118,0.12294846872111923,0.08300137034322318,0.4708881736192995,0.03096019630963383,0.008763822938908187,0.004381911469454093,0.037031135472768414,0.000493960929283916,0.02057108257114631,0.8280219254915708,144204.0,0.1596002884802086,0.06430473495880835,0.12176499958392277,0.06981082355551857,0.39663254833430417,0.021927269701256552,0.005422873151923664,0.005707192588277718,0.03584505284180744,0.00040220798313500317,0.01748217802557488,0.7369559790297079
TILS.3175,3175,TILS,32047,118872,0.9813408008603653,201.99878140753165,-5,0.10427078452808579,787.9555825044963,32047,823.794835337912,158.39634505781865,4113.271390855614,0.2695925028602194,1.2918136402089173,0.19227644828927112,0.023802496751909208,0.021666196344025335,0.004076129558210266,0.0033549681748346032,0.10902078826074688,0.012040259618098015,0.0037939359734110935,0.8460477220706738,153235.0,0.42233823865304926,0.08250726009071034,0.04696055078800535,0.019786602277547558,0.14250008157405292,0.06691682709563741,0.0047508728423663,0.0021861846183965803,0.01098965641008908,0.004117858191666395,0.003791561979965413,0.6677456194733579,311551.0,0.37368199748997755,0.05808037849340878,0.07532635106290785,0.026454737747591887,0.10591203366383033,0.053050704379058324,0.004500065799820896,0.0016080834277534014,0.014289795250215856,0.006644177036825432,0.005970130091060533,0.6018212106525095
TILS.3180,3180,TILS,7638,18495,0.9548063941173046,98.61543308573549,1,0.2730587730587731,269.09106265351886,7638,267.4679012505596,79.49906893205554,1234.5655839020935,0.4129764801297648,1.3260674756492512,0.2972284470785229,0.06297398642457254,0.0,0.0,0.017049180327868854,0.18649180327868853,0.008786885245901639,0.0007868852459016393,0.7868852459016393,58613.0,0.011413850169757562,0.05928718884889018,0.06606043027997202,0.0030027468309078193,0.859109753808882,0.0003070991077064815,0.0,0.009707744015832666,0.04379574497125211,0.00044358760002047326,0.0020132052616313786,0.9431525429512224,137084.0,0.01191240407341484,0.05205567389337924,0.06338449417875171,0.002983572116366607,0.6791018645502028,0.0010212716290741444,0.0,0.0077981383677161445,0.04056636806629512,0.0007003005456508418,0.0014224854833532724,0.7594832365556885
TILS.3238,3238,TILS,4653,5790,0.6838468035398255,76.97001755003511,1,0.6104696929939648,105.75916035975324,4653,94.00363481327784,68.58746058592826,433.2203461105328,0.8036269430051813,1.142881486930021,0.729625622691777,0.3115481857654179,0.012102874432677761,0.009509401339961098,0.009077155824508321,0.20704560190188026,0.0,0.0,0.7622649665009725,31876.0,0.2905634333040532,0.11914920316225373,0.11416112435688291,0.022932613878780275,0.15544610365165015,0.03566946919312335,0.010634960471828334,0.01273685531434308,0.03046178943405697,0.0005019450370184465,0.009035010666332036,0.6245764838750156,88782.0,0.2167556486675227,0.10181117794147462,0.17518190624225632,0.0670744069743867,0.13218895722105833,0.027201459755355817,0.008729246919420603,0.007670473744677975,0.04366876168592733,0.0015656326732896308,0.015104413056700683,0.6258926358946634
TILS.3250,3250,TILS,7762,16498,0.7610751767050833,99.41270213727385,0,0.33159603554340394,177.9100896520487,7762,178.77607822207244,115.96554957438732,1174.465078838705,0.4704812704570251,1.3210047075347213,0.6486636843567907,0.07071365513179367,0.002838709677419355,0.0,0.02464516129032258,0.20090322580645162,0.004903225806451613,0.0012903225806451613,0.7654193548387097,51339.0,0.02128985761312063,0.07127135316231326,0.06227234655914607,0.003174974191160716,0.8416798145659246,0.0030386256062642438,0.0,0.013420596427667075,0.042638150334054034,0.0012466156333391769,0.0012076588947973275,0.9384483531038782,121803.0,0.026156991207113126,0.06743676264131425,0.05691157032257005,0.01400622316363308,0.8120900142032627,0.0035631306289664456,8.209978407756787e-05,0.01160069949016034,0.039095917177737825,0.0012314967611635182,0.004704317627644639,0.9169971182975789
TILS.3253,3253,TILS,18501,38940,0.85113891060491,153.48030758747274,-1,0.35036454881166557,305.2212312405544,18501,273.00996132615984,143.31399244620962,2085.443830282645,0.475115562403698,1.315331027039414,0.5249405250638276,0.053457429665365534,0.02102085620197585,0.007025246981339188,0.005268935236004391,0.08660812294182217,0.015148188803512623,0.011690450054884742,0.853238199780461,76872.0,0.29887345197210946,0.08817254657092309,0.04566031845145176,0.08294307420126965,0.11165313768342179,0.04043084608179831,0.005307524196066188,0.003525340826308669,0.009964616505359559,0.00044229368300551566,0.016442918097616818,0.6132011655739411,166026.0,0.3293761218122463,0.08617927312589595,0.08470360064086348,0.07427752279763411,0.12725717658679966,0.04236083504993194,0.007161528917157553,0.0037162854010817582,0.01857540385240866,0.0008673340320190814,0.01697324515437341,0.6696180116367316
TILS.3270,3270,TILS,5654,9545,0.7704578977983025,84.84631038491074,1,0.38739294278862624,155.4155719353759,5654,129.89583247987588,82.80740913023396,557.889393668845,0.592352016762703,1.0825930460581792,0.6374908844212759,0.228280838139049,0.01453642971104414,0.0,0.01453642971104414,0.1439461088459493,0.0008863676653075696,0.007800035454706612,0.8182946286119482,40402.0,0.01757338745606653,0.034775506163061236,0.09291619226770952,0.008242166229394584,0.8461709816345725,0.0032671649918320877,0.0003465174991337062,0.004950249987624375,0.03972575615068561,0.0003465174991337062,0.002178109994554725,0.9491856838770358,103837.0,0.02876623939443551,0.040939164267072434,0.09920355942486782,0.012211446786790836,0.8130820420466693,0.003476602752390766,0.0014156803451563509,0.004824869747777767,0.04020724789814806,0.0003370667488467502,0.0031780579176979304,0.9408881227308185
TILS.3320,3320,TILS,7449,20948,0.859726797114935,97.38768591938216,1,0.25033606667562847,207.21245136332902,7449,231.7258231806045,118.35493324238824,1225.8498551495554,0.35559480618674816,1.2564223347151136,0.51075418189428,0.062292143894992866,0.0,0.0,0.00887335305189567,0.20126378058617908,0.005108900242000538,0.0034955633234740524,0.7812584027964506,58880.0,0.01815557065217391,0.06688179347826087,0.08150475543478261,0.005197010869565218,0.8243036684782609,0.0008491847826086956,0.0,0.006929347826086956,0.05353260869565218,0.0012228260869565218,0.003311820652173913,0.9341542119565217,133068.0,0.02032043767096522,0.07102383743649864,0.0816574984218595,0.004178314846544624,0.7457540505606156,0.002727928577869961,0.0,0.009694291640364325,0.05225148044608771,0.0011798478973156581,0.002990951994468993,0.8573210689271651
TILS.3420,3420,TILS,7255,16238,0.7148480420537796,96.11114866160744,0,0.27389761401389306,172.9392957080605,7255,173.60541740252404,121.39876628756053,1273.0924958366747,0.446791476782855,1.310864161844377,0.6992798272307574,0.05625062656599304,0.02356714544693906,0.004462418072793195,0.0026495607307209595,0.054246269697392276,0.0015339562125226607,0.03848835587784131,0.8750522939617905,51732.0,0.20575272558571098,0.08176757132915796,0.12278666975952988,0.16071290497177762,0.1575040593829738,0.024298306657388077,0.005296528261037656,0.004349338900487126,0.03015541637671074,0.0009471893605505296,0.037732931261114974,0.6786321812417846,122413.0,0.20450442354978637,0.07877431318569106,0.1928635030593156,0.1366521529576107,0.18461274537835035,0.027521586759576187,0.005530458366349979,0.005326231691078562,0.04695579717840426,0.001633813402171338,0.03360754168266442,0.7132085644498541
TILS.3544,3544,TILS,5498,12069,0.7466307687060841,83.66762227381584,1,0.34569919517102615,145.2067491544384,5498,148.71854428683525,98.93332740581891,1142.535100630044,0.45554726986494326,1.3239965050784412,0.6652386753800186,0.05292678295465549,0.04449307075127644,0.0040116703136396795,0.0018234865061998542,0.04631655725747629,0.047045951859956234,0.005105762217359592,0.8512035010940919,44520.0,0.5919811320754716,0.010557053009883199,0.09299191374663072,0.07149595687331536,0.21940700808625338,0.07863881401617251,0.0031446540880503146,0.0010107816711590297,0.017812219227313568,0.009231805929919137,0.009231805929919137,0.8809299191374663,109172.0,0.47880408896053933,0.031006118785036455,0.10386362803649288,0.04441615066134173,0.21551313523614113,0.060189425860110654,0.006998131389000843,0.0016579342688601473,0.02611475469900707,0.006659216648957608,0.005871468874803063,0.7869875059539075
TILS.3577,3577,TILS,12663,23078,0.7061670837701182,126.97650316094456,1,0.3734957527135441,208.19462048765814,12663,199.6571722600794,141.36630874643402,1446.3300858899106,0.5487043937949563,1.331287716022852,0.7080452314644927,0.07606968717989934,0.009642744230161239,0.002608283275371483,0.015649699652228895,0.17088207398039837,0.033275371482769524,0.013910844135314574,0.754030983243756,58460.0,0.11043448511802942,0.0955867259664728,0.032261375299349984,0.022494013000342115,0.7378036264112213,0.021536093055080398,0.0003250085528566541,0.008501539514197742,0.028121792678754705,0.0004960656859391037,0.01660964762230585,0.9244098528908655,133916.0,0.09241614146181189,0.10635024941007797,0.03661250336031542,0.025344245646524686,0.7386271991397593,0.02013202305923116,0.0003584336449714747,0.00896830849189044,0.023455001642820873,0.0017772334896502286,0.011985125003733684,0.9333238746677022
TILS.3598,3598,TILS,6572,10558,0.7165223489918755,91.47529878606295,-1,0.3720140382655949,147.2311108427835,6572,132.36050838082318,92.32994362761033,895.9137802864844,0.622466376207615,1.2521055100446454,0.697564135685863,0.1028904307755037,0.012351326623970723,0.008539188777066178,0.00777676120768527,0.14013418725221105,0.0010673985971332723,0.014486123818237268,0.8156450137236962,41391.0,0.12186224058370176,0.058466816457684034,0.10035998163852045,0.1176825880022227,0.5995023072648643,0.016525331593824744,0.004783648619265057,0.003599816385204513,0.035418327655770576,0.00019327873209151747,0.030368920779879682,0.9091106762339639,105400.0,0.12548387096774194,0.05626185958254269,0.11317836812144212,0.10753320683111954,0.5878462998102467,0.01706831119544592,0.00405123339658444,0.004089184060721063,0.03861480075901328,0.0003700189753320683,0.02640417457305503,0.9027893738140418
TILS.3611,3611,TILS,4717,9930,0.7372207070952053,77.49755436473956,1,0.30194597362693637,153.07514494521962,4717,136.25220241504863,92.05907346199625,722.9015869776647,0.47502517623363544,1.1697898802831825,0.6756520029053755,0.11342724505356443,0.00042526047203912394,0.0,0.019774611949819266,0.19328088454178183,0.00637890708058686,0.00021263023601956197,0.7799277057197533,41835.0,0.02328194095852755,0.07656268674554799,0.059639058204852394,0.0027249910362136965,0.835640014342058,0.0036094179514760366,0.0,0.010708736703716984,0.05105772678379347,0.00031074459184893033,0.0032986733596271065,0.9310147006095375,105367.0,0.021164121594047472,0.08064194671956115,0.06251482912107206,0.00502054723015745,0.815160344320328,0.0030844571829889813,0.0,0.010458682509704177,0.04880085795362875,0.0007117978114589957,0.003843708181878577,0.9202691544791064
TILS.3679,3679,TILS,8736,19624,0.8290727133166796,105.46573217309205,0,0.3244206773618538,204.215572373901,8736,194.00364121349241,108.47535146487078,1313.1280297426074,0.44516918059518956,1.316499080803587,0.5591408016177308,0.06366611447603811,0.015720022948938612,0.01285140562248996,0.013310384394721745,0.15203671830177853,0.001376936316695353,0.0051635111876075735,0.7995410212277683,55979.0,0.10909448185926865,0.06868647171260651,0.09349934796977438,0.03369120563068293,0.6947426713589024,0.016756283606352382,0.003983636720913199,0.005055467228782222,0.04324836099251505,0.0001429107343825363,0.010611122027903321,0.9202022186891513,129459.0,0.09022161456522915,0.07535204195923033,0.096493870646305,0.04165797665670212,0.6958110289744244,0.013440548745162562,0.0028966699881815866,0.005206281525425038,0.043743579048192864,0.00026263141226179717,0.011833862458384508,0.9226164268223916
TILS.3871,3871,TILS,7844,15384,0.9426367627900447,99.93643474180283,1,0.29977833830161277,210.83880098312076,7844,228.63975905952202,76.32457266861459,1101.796031280393,0.5098803952158086,1.2271713648603446,0.33382021124657035,0.0811979456741994,0.01546918946560982,0.0,0.006647916133981079,0.06200460240347737,0.023779084633086166,0.053822551777039124,0.8382766555868064,50464.0,0.08950935320228282,0.06598763474952442,0.10779961953075459,0.06541296766011415,0.671032815472416,0.020549302473050094,0.0003963221306277743,0.008243500317057704,0.0405635700697527,0.005607958148383006,0.020707831325301206,0.9039315155358275,121827.0,0.07843088970425276,0.07017327850148161,0.08458716048166663,0.05429009989575381,0.6808753396209379,0.017647976228586437,0.00047608494012000625,0.0076337757639932035,0.03623991397637634,0.003217677526328318,0.01918293974242163,0.8844591100494964
TILS.3923,3923,TILS,5556,9509,0.905560009716119,84.1077815100872,0,0.448317598644396,157.4102919125684,5556,162.2102032031459,68.81251805216472,958.1564209736036,0.5842885687243664,1.2822343995151462,0.42421818537509953,0.07605000946666642,0.055725879170423806,0.0,0.002164111812443643,0.042200180342651036,0.04346257889990983,0.03859332732191163,0.8178539224526601,40914.0,0.061617050398396635,0.029280930732756515,0.035537957667302146,0.04983624187319744,0.823630053282495,0.01789118639096642,0.0,0.0036417852079972625,0.020384220560199444,0.0015153737107102703,0.013540597350540157,0.9430268367795864,104760.0,0.08524245895379916,0.0506204658266514,0.05284459717449408,0.034431080565101184,0.7764604810996564,0.01970217640320733,0.0,0.0052787323405880104,0.02334860633829706,0.0035414280259641086,0.013946162657502864,0.9341542573501337
TILS.3928,3928,TILS,11814,24580,0.9376951405983855,122.64604348082824,-4,0.24911437246963564,284.6278271708513,11814,281.2545882922429,97.7244649554404,1861.7920266670362,0.4806346623270952,1.35875325691148,0.3474590958633462,0.04282964734061549,0.002626450902312971,0.0,0.0011014148945183429,0.09192578158095399,0.0006777937812420572,0.11064983478776583,0.7930187240532068,64310.0,0.05790701290623542,0.047815269786969365,0.11035608770020215,0.6160317213497123,0.1127507386098585,0.0064375680298553875,0.0,0.0024723993158140257,0.02907790390296999,0.00024879489970455607,0.1861763333851656,0.7755870004664904,147068.0,0.09208665379280333,0.05961867979438083,0.13321728724127616,0.4752019473984823,0.18655315908287323,0.013775940381320205,0.0,0.004406125057796394,0.036200941061277775,0.0005643647836375011,0.14726521065085538,0.7977874180651128
TILS.3954,3954,TILS,4440,6995,0.8587967739201359,75.18765575960008,1,0.4461863129333735,133.12400234367956,4440,130.5959220864133,66.90643360058309,636.9604614807105,0.6347390993566834,1.2742904119907326,0.5123164072176168,0.137520639853114,0.0056446150372544595,0.002483630616391962,0.012192368480469631,0.19033641905622037,0.01241815308195981,0.014675999096861594,0.7622488146308422,35777.0,0.08256701232635492,0.06325292785868016,0.08449562568130363,0.0635883388769321,0.7059004388294156,0.019230231713111775,0.0006708220365038991,0.006149202001285743,0.029795678788048188,0.002934846409704559,0.018950722531235153,0.9222684965201107,95414.0,0.08325822206384807,0.07050328044102543,0.07963191984404805,0.055474039449137445,0.7107971576498208,0.017670362839834825,0.0009537384450919152,0.0062150208564780846,0.031651539606347076,0.0028192927662607165,0.0177751692623724,0.9228519923700924
TILS.3993,3993,TILS,6757,17538,0.6240063507735601,92.75386570798811,-1,0.23446337485686528,194.5507645834372,6757,180.60151879872393,141.12550682654083,1016.7249634685276,0.3852776827460372,1.273665473989822,0.781419269147021,0.08214039921477567,0.0524755410613697,0.0002964719833975689,0.004447079750963534,0.05514378891194782,0.07411799584939223,0.017195375037058997,0.7963237474058702,54042.0,0.12397764701528441,0.052736760297546356,0.0820658006735502,0.06504200436697384,0.6749195070500722,0.03602753414011325,0.00029606602272306724,0.007272121683135339,0.02272306724399541,0.0065504607527478624,0.016154102364827356,0.9109766477924577,128440.0,0.1022189349112426,0.0524135783245095,0.09818592338835254,0.11527561507318593,0.5554188726253504,0.02685300529430084,0.00032700093428838367,0.007427592650264715,0.03342416692619122,0.004134226097788851,0.03231859233883525,0.8226253503581439
TILS.4001,4001,TILS,8540,18321,0.7894242612374733,104.27591146587159,1,0.2961062376477931,192.37983262286096,8540,192.89477932082065,118.40806957329782,1397.0275246792191,0.4661317613667376,1.3579033877275477,0.6138479744771252,0.05498671932177501,0.00809004572634541,0.0,0.015242115136592802,0.19568530894594913,0.01066948059561496,0.010083245398053699,0.760229804197444,54082.0,0.08276321141969602,0.09515180651603121,0.030934506859953404,0.013350097999334344,0.6020487408010059,0.013054250952257682,0.0,0.01273991346473873,0.03267260826152879,0.0003698088088458267,0.006545615916571133,0.9346178025960579,125850.0,0.08334525228446564,0.10316249503377037,0.022264600715137067,0.012959872864521256,0.5494398092967819,0.014175605880015893,0.0,0.009694080254270957,0.02297973778307509,0.0004052443384982122,0.007969805323798172,0.9447755264203417
TILS.4020,4020,TILS,6560,14106,0.8094483620190566,91.39174696581014,-1,0.31441717791411045,168.8342382338369,6560,169.25639566159532,99.38584357376354,1189.8376618407356,0.4650503331915497,1.4084207960566324,0.5871910670511485,0.058228859034133,0.01649610508629907,0.00473499312662288,0.006567893691767222,0.16679395142813502,0.0019856422789063695,0.018787230792729495,0.7846341835955399,47680.0,0.09274328859060403,0.08651426174496644,0.050734060402684564,0.05503355704697987,0.7148070469798657,0.016191275167785235,0.0018036912751677853,0.004551174496644295,0.032571308724832215,0.0002516778523489933,0.017533557046979866,0.9270973154362416,116755.0,0.09594449916491798,0.09811999486103379,0.0908569226157338,0.07804376686223288,0.6366408290865487,0.015545372789173912,0.0018500278360669778,0.004222517236949167,0.03153612264999358,0.0037000556721339555,0.021455183932165646,0.9216907198835168
TILS.4032,4032,TILS,36977,74889,0.9523454878887558,216.9805950901419,-1,0.319745773704008,505.22272316276513,36977,490.7249125284427,149.6816137023156,4622.272436876141,0.4937574276596029,1.425439593566162,0.30502142826025763,0.02174855758635016,0.004274082289609652,0.0,0.002705115373170666,0.10636513647307058,0.001731273838829226,0.10977358184326562,0.7751508101820542,114216.0,0.09195734397982769,0.01844750297681586,0.08194998949359109,0.5148403025845766,0.17538698606149752,0.01193352945296631,0.0,0.0011294389577642362,0.023980878335784828,0.0002626602227358689,0.1633133711564054,0.7608216011767178,232688.0,0.0745719590180843,0.021909165921749296,0.10916764078938321,0.4152900020628481,0.24391889568864747,0.010133741318847556,0.0,0.0015170528776731074,0.03123495839922987,0.0007219968369662381,0.13388313965481674,0.7489127071443306
TILS.4078,4078,TILS,10166,23213,0.9221265765859253,113.77061664497413,-3,0.3091849148418491,254.34818654749634,10166,259.6148060500497,100.44193770370832,1810.8864350760145,0.4379442553741438,1.4152559245640481,0.3868883259468055,0.038956285347426366,0.010248324793062672,0.0,0.006897910918407568,0.10750886874260938,0.004138746551044541,0.09942845880961766,0.7717776901852582,62877.0,0.13101770122620354,0.042193488875105364,0.17659875630198643,0.4129490910825898,0.23003642031267396,0.026209901871908647,0.0,0.004278193934188972,0.053517184344036774,0.002783211667223309,0.12215913609109849,0.7910523720915438,141756.0,0.11641835266232117,0.03648522813849149,0.20710234487429102,0.3839202573436045,0.24856090747481588,0.02280679477411891,0.0,0.00414797257258952,0.059983351674708654,0.003837580067157651,0.11267953384689185,0.7965447670645335
TILS.4192,4192,TILS,19843,34650,0.9097603096962761,158.94933874093292,-2,0.32652624650320883,335.1208737157386,20840,303.49791353344693,125.99228124982575,2118.7636354360397,0.5726695526695527,1.2543002499417142,0.4151339288727624,0.055545921420253566,0.03296314992428066,0.0038364462392730943,0.002574457344775366,0.05714285714285714,0.06032306915699142,0.037102473498233215,0.8060575466935891,73486.0,0.12281250850502136,0.06286911792722423,0.046580301009716135,0.07082981792450263,0.6652831831913562,0.025106823068339546,0.0007892659826361484,0.002585526494842555,0.016043872302207222,0.0022317176060746265,0.02350107503470049,0.8989059140516561,162883.0,0.0855767636892739,0.05822584308982521,0.059711572110042174,0.05963176022052639,0.5860955409711265,0.01742354941890805,0.0005464044743773138,0.0024741685749894095,0.017478803803957443,0.0036590681654930226,0.019093459722622986,0.7890755941381237
TILS.4298,4298,TILS,7292,16342,0.682532245416749,96.35591710013873,1,0.30571859802113033,178.80995498014084,7292,154.34166873728105,112.80145452840091,1101.547293938864,0.44621221392730387,1.2860653776716662,0.7308554809032841,0.07551795625932103,0.025003434537711224,0.0,0.0038466822365709574,0.025140816046160187,0.05247973622750378,0.03956587443330128,0.8539634565187526,50959.0,0.15200455267960516,0.0334386467552346,0.1015914754999117,0.12086186934594478,0.5911418983889009,0.02927843952981809,0.0012755352342078926,0.0036303695127455405,0.015443788143409408,0.005318000745697522,0.033399399517258975,0.9116544673168626,121187.0,0.13287728881810756,0.04358553310173533,0.116175827440237,0.1224801340077731,0.5499022172345218,0.02529974337181381,0.0008994364081955985,0.002549778441582018,0.023104788467409872,0.006436333930207035,0.035193543861965396,0.8733279972274254
TILS.4344,4344,TILS,13862,27018,0.7265783414258273,132.851972394537,0,0.34791556860678163,233.77339455121918,15292,206.33832764320636,141.77168703863026,1510.3717164502532,0.5130653638315197,1.3161117184454247,0.687083629386477,0.07636037804969781,0.009025270758122744,0.0,0.010324909747292419,0.20014440433212996,0.0033935018050541515,0.05768953068592058,0.7194223826714802,62993.0,0.08348546663915038,0.07702443128601591,0.11683837886749321,0.21707173812963346,0.49346752813804706,0.016160525772704902,0.0,0.006969028304732272,0.05364088073277983,0.0011429841410950422,0.07132538536027813,0.8507611956884098,142544.0,0.09577393646873948,0.06076018632843192,0.12436160062857785,0.21074896172409924,0.4873863508811314,0.021214502188797845,0.0,0.005885901896958133,0.04360057245482097,0.0062156246492311145,0.0664005500056123,0.8484818722640027
TILS.4429,4429,TILS,4465,10193,0.8507189459573614,75.39903558562604,1,0.3088682899833979,149.7230777134908,4465,150.86851452176168,79.29963641556942,818.842712474619,0.43804571764936723,1.2283508552552074,0.5256208471790251,0.08368167233202241,0.013474062429822591,0.0,0.0067370312149112955,0.08421289018639119,0.04918032786885246,0.03233774983157422,0.8140579384684482,42576.0,0.06860672679443817,0.05608793686583991,0.11316234498308907,0.057074408117249155,0.7012401352874859,0.016840473506200677,0.0,0.006106726794438181,0.04363960916948516,0.005707440811724916,0.020152198421646,0.9074361142427658,106074.0,0.06637818881158436,0.05744103173256406,0.11073401587570941,0.0754756113656504,0.5987423873899353,0.017157833210777382,0.0,0.007183664234402399,0.048060787751946756,0.003695533306936667,0.024586609348190885,0.812187718008183
TILS.4455,4455,TILS,6366,12559,0.8844566032058817,90.03023348733494,0,0.32585995085995084,183.04371062672436,6366,176.28675756365433,82.25935988835255,1260.6244584051392,0.5068874910422805,1.3142777848061564,0.46662245664510565,0.050339052908006186,0.03904282115869018,0.0,0.0020465994962216624,0.056360201511335015,0.01904911838790932,0.04329345088161209,0.8402078085642317,46668.0,0.16555241278820604,0.023506471243678752,0.083419045170138,0.210551127110654,0.4646010113996743,0.02982771920802263,0.0003214193880174852,0.002164223879317734,0.014142453072769349,0.003985600411416817,0.08142624496442959,0.8274192165938116,114085.0,0.14161370907656573,0.028426173467151684,0.07847657448393741,0.15567340141122846,0.4096594644344129,0.02498137353727484,0.0006135775956523645,0.001910855940745935,0.012806240960687207,0.004873559188324495,0.05571284568523469,0.7187184993645089
TILS.4616,4616,TILS,5402,10111,0.40402673660454225,82.93394974712919,-1,0.38149717514124293,130.3878828726044,5402,119.62148455117267,109.42341518922076,944.4934700697015,0.5342696073583226,1.4005943933490856,0.9147471760594202,0.07609682280573958,0.0066765578635014835,0.0,0.009829376854599406,0.1698813056379822,0.006120178041543026,0.039317507418397624,0.7681750741839762,41343.0,0.06042135307065283,0.08852768304186924,0.09607430520281547,0.06995138233800159,0.680236073821445,0.014270856009481653,0.0,0.012988897757782454,0.05570471422006144,0.002588104394939893,0.02537309822702755,0.889074329390707,104522.0,0.04438300070798492,0.08031801917299707,0.12450967260481047,0.06771780103710223,0.6804404814297469,0.011643481755037217,0.0,0.010619773827519566,0.0629915233156656,0.003759973976770441,0.022588545952048372,0.8883967011729588
TILS.4765,4765,TILS,327973,574062,0.7319746550196518,646.2106415136054,-27,0.33518586462077443,1103.09836370108,354517,960.0714559585593,654.1272714959777,23061.1144930597,0.5713198225975592,1.4434023743506803,0.6813318607028896,0.007749744284428011,0.023136348791141036,0.000927895782652622,0.00559789758350299,0.11997936652799102,0.04764622752370865,0.06275505687940101,0.7399572069116027,387578.0,0.1631026528853547,0.08232149399604725,0.03486524002910382,0.12574243120094536,0.40329946488190765,0.03245798265123408,0.0008075793775704504,0.005717558788166511,0.019203876381012338,0.0007508166098178947,0.07817007157268989,0.7329156969693842,634131.0,0.13309710454149065,0.07841282006399308,0.035208813320906876,0.09757762985881466,0.36982106220954347,0.027289314037635758,0.0007080555910371831,0.004836540083988955,0.01801678202138044,0.0005408977009482268,0.054821480104268676,0.6486057297309231
TILS.4777,4777,TILS,4507,8085,0.7793374121046204,75.75282587548388,1,0.3581532104259377,125.41929676090518,4507,132.1337935803417,82.79562951968595,696.9604614807105,0.557452071737786,1.30286938915534,0.6266044989417752,0.11659532558216544,0.11511912714317524,0.008461367178802049,0.0008906702293475841,0.009574704965486529,0.05744822979291917,0.046314851926074374,0.7621910487641951,37597.0,0.5915631566348379,0.020161183073117536,0.024709418304651967,0.050828523552411096,0.011889246482432109,0.1756523126845227,0.0008511317392345134,0.00015958720110647125,0.00127669760885177,0.0008511317392345134,0.017793972923371544,0.8034151661036785,98610.0,0.5639590305242876,0.03807930230199777,0.040016225534935605,0.03303924551262549,0.07679748504208499,0.17418111753371868,0.004969070074029003,0.0005374708447419126,0.0017138221275732684,0.0036406044011763512,0.01269648108711084,0.7792515972010953
TILS.4892,4892,TILS,16960,23857,0.8495535660860205,146.9494562041941,-2,0.48011323425336166,230.27375013231534,16960,227.76488103181643,120.14651195527306,1978.5910165402595,0.7109024604937754,1.3552501259115535,0.5275023586208175,0.05444069315511608,0.046727864968907316,0.0017767249037607344,0.0021320698845128812,0.009002072845721054,0.06171157832395618,0.06692330470832099,0.8117263843648208,56117.0,0.40477930039025606,0.04843452073346758,0.011725502076019745,0.03973840369228576,0.1086480032788638,0.10567207797993478,0.007876401090578612,0.0010157349822691876,0.003189764242564642,0.00048113762318014147,0.01942370404690201,0.6638451806048078,132682.0,0.40983705400883313,0.028994136356099546,0.023371670610934415,0.04038226737613241,0.07089884083749115,0.1174688352602463,0.005599855293106827,0.0009496389864488024,0.0014169216623204353,0.002396707918180311,0.020779005441582128,0.5213819508298035
TILS.5104,5104,TILS,28456,45028,0.6862944271162166,190.34522448694054,-6,0.49341101401026494,298.4526763156933,30117,271.44517951234377,197.42854864730415,3455.8012613830256,0.6319623345473927,1.4236325973293447,0.7273238338657851,0.029942371785681363,0.12377838711945441,0.007171482809533854,0.001124938479926879,0.018034170006327777,7.030865499542994e-05,0.08444069464951136,0.7653800182802503,77110.0,0.5480223057969135,0.16244326287122293,0.0442225392296719,0.0766567241602905,0.0,0.1220723641551031,0.0014395020101154196,0.001089352872519777,0.002113863312151472,0.0,0.07507456879782129,0.7982103488522889,167894.0,0.5774714998749211,0.11760396440611338,0.09197469832156004,0.07405863223224177,0.023550573576184973,0.14942761504282465,0.002370543318998892,0.0016379382229263703,0.008487498064254827,0.003144841388018631,0.06380811702621893,0.7711234469367577
TILS.5212,5212,TILS,16905,28083,0.7152166200039196,146.71098971702128,0,0.38348985980672384,242.01239637671455,16905,203.69593620367317,142.36366928703916,1866.589970519733,0.601965601965602,1.336045579902358,0.698902844800455,0.060971542633360694,0.03699538297620457,0.008760506688765242,0.000947081804190837,0.13726766899490944,0.0008878891914289097,0.08636202201965194,0.7287794483248491,62256.0,0.3010312259059368,0.007501285016705217,0.06317463377023902,0.37843741968645594,0.1530776150089951,0.08127730660498586,0.0026985350809560524,0.00020881521459778976,0.022166538164996145,3.2125417630429196e-05,0.16693973271652532,0.6714212284759702,142230.0,0.25031287351472964,0.011354847781761934,0.07944174927933628,0.25481965829993675,0.19423469029037474,0.06318638824439289,0.002587358503831822,0.0004429445264712086,0.017809182310342404,4.218519299725796e-05,0.12797581382268158,0.6247486465583914
TILS.5215,5215,TILS,10108,16173,0.8114140782896745,113.44560510739508,1,0.38,195.96938536414305,10108,172.04670525387274,100.55643404525338,1246.9737008100567,0.6249922710690657,1.2441769957748854,0.584471721773875,0.08168842242826307,0.13220439691027927,0.0054466230936819175,0.0003961180431768667,0.027530204000792237,0.0,0.07427213309566251,0.7601505248564072,49765.0,0.6101878830503366,0.07712247563548678,0.11600522455541043,0.08690846980809806,0.0016879332864462976,0.12900632974982418,0.0024917110418969154,0.0005224555410429017,0.010850999698583342,0.0,0.07491208680799759,0.782216417160655,120718.0,0.5884375155320665,0.04160937059924783,0.1824831425305257,0.09846915952881923,0.012003180967212843,0.14935635116552626,0.007413973061183916,0.00041418843917228584,0.02405606454712636,0.00012425653175168576,0.0612087675408804,0.7574263987143591
TILS.5249,5249,TILS,4616,8510,0.9804605812531371,76.66337938349386,1,0.38855218855218854,182.64993840677855,4616,210.92899724083816,41.493035682746296,711.8893936688451,0.5424206815511163,1.2824912856443749,0.19671565420362597,0.11445917708257522,0.03015075376884422,0.0026218046755516716,0.0,0.044352195761415775,0.05746121913917413,0.016386279222197948,0.8490277474328163,41750.0,0.2655568862275449,0.009580838323353293,0.04467065868263473,0.3368622754491018,0.008622754491017964,0.04732934131736527,0.0,0.0,0.006826347305389222,0.0069940119760479045,0.0711377245508982,0.565437125748503,107266.0,0.21999515223836072,0.005798668730072903,0.038651576454794626,0.1611041709395335,0.008222549549717524,0.038176122909402796,0.0,7.458094829675759e-05,0.005602893740793914,0.006898737717450077,0.03168758040758488,0.3793932839856059
TILS.5268,5268,TILS,37887,57240,0.7683427440370744,219.63430203722987,-4,0.4930891769483055,346.70592726401435,38788,300.0792512096188,192.06230809872017,3020.362661203013,0.6618972746331236,1.3434367587298548,0.6400386142144697,0.05218935103756573,0.08721621693051775,0.02389195760763274,0.00015857493987366864,0.07672384174221,0.00015857493987366864,0.05579194967888575,0.7560588841610064,85875.0,0.5425327510917031,0.005473071324599709,0.09315866084425037,0.2543231441048035,0.025409024745269286,0.15775254730713245,0.002864628820960699,4.657933042212518e-05,0.017595342066957786,2.328966521106259e-05,0.10345269286754002,0.6677030567685589,183788.0,0.5102781465601671,0.014489520534528913,0.07908024462968202,0.22645656952575793,0.033021742442379265,0.1497975928787516,0.0020403943674233357,8.161577469693342e-05,0.016007573943891875,8.161577469693342e-05,0.11345136788038392,0.632533136004527
TILS.5346,5346,TILS,156844,275596,0.8999348111225914,446.8780405820383,-21,0.3968082091968912,808.9283033742854,182861,841.4130134472822,366.8766606255898,12919.410060272236,0.5691084050566771,1.4837674862035222,0.43602446689348245,0.011808436753212016,0.03261370916079436,0.00035874439461883406,0.0021973094170403586,0.09313260730301089,0.04971812940422806,0.020909673286354902,0.8010698270339526,224108.0,0.27912435075945524,0.051747371802880755,0.02284166562550199,0.08234422689060632,0.13453781212629626,0.03873132596783693,0.00020525817909222338,0.0024541738804504973,0.00740714298463241,0.0030520998804148,0.015858425402038304,0.5257955985506988,404165.0,0.1985921591429243,0.03720757611371593,0.030660744992762858,0.06162334690039959,0.09265027897022256,0.0277955785384682,0.00011381490232949414,0.0018037187782217658,0.008583128177848155,0.0030705281258891787,0.0120495342248834,0.3847339576658048
TILS.5480,5480,TILS,7772,11038,0.6788192610732162,99.476719596505,-2,0.5171335418191496,136.56500283747664,7772,129.77208880879107,95.2923447268184,1104.7422074112305,0.7041130639608625,1.30692757075807,0.7343053934134031,0.08002409332554185,0.025644329896907216,0.0002577319587628866,0.0006443298969072165,0.03350515463917526,0.0,0.1934278350515464,0.746520618556701,40249.0,0.3132003279584586,0.0884990931451713,0.03182687768640215,0.3288528907550498,0.07935600884494025,0.06047355213794132,0.0006211334443091753,0.0001490720266342021,0.00849710551814952,0.0,0.16303510646227234,0.7097070734676638,103583.0,0.3675506598573125,0.06921985267852833,0.03538225384474286,0.24564841721131847,0.07509919581398491,0.09577826477317707,0.00039581784655783286,0.0017280827935085873,0.008399061622080843,9.654093818483728e-05,0.12735680565343735,0.6572989776314646
TILS.5529,5529,TILS,41652,83703,0.9175836438401803,230.28889143271545,-5,0.32620392052440733,520.838746638535,41652,522.5053515780752,207.71822650015844,4520.704940401743,0.4976165728826924,1.4150638762603396,0.39754277324204634,0.025611404734899312,0.011228900533674627,9.65926927627925e-05,0.005312598101953587,0.08157252903817826,0.03769529835067977,0.06370288087706165,0.8003912004056893,121572.0,0.17491692165959266,0.0775836541308854,0.051689533774224326,0.1690027308919817,0.0807751784950482,0.016253742638107457,0.0002385417694863949,0.0069423880498799065,0.015965847399072156,0.0027884710295133746,0.06310663639653867,0.5423288257164479,242608.0,0.13348694189804128,0.06223207808481171,0.07867011805051771,0.11360301391545209,0.0648412253511838,0.014018498977774846,0.0002514344127151619,0.0046865725779858865,0.018894677834201675,0.005498582074787311,0.0403407966761195,0.4390250939787641
TILS.5610,5610,TILS,10850,23650,0.7671610901463131,117.53573524837677,0,0.3399122807017544,234.4397577204003,11607,197.41522172323303,126.63288021858104,1227.5361466505706,0.4587737843551797,1.2471463255465938,0.6414544892395099,0.0904838400432389,0.019740056679370663,0.0,0.00908824391673996,0.17795367927294048,0.005374767907749438,0.006254275383562983,0.7815889768396365,59572.0,0.14778755119854967,0.11176391593366011,0.06147183240448533,0.04532330625125898,0.21543678238098435,0.0191365070838649,0.0,0.0073356610488148795,0.014067011347612972,0.0036258645001007186,0.0143188074934533,0.5730040958839724,137566.0,0.15141822834130528,0.08638035561112484,0.10772283849206926,0.09506709506709507,0.1640885102423564,0.016850093773170698,0.0,0.006993006993006993,0.022113022113022112,0.007814430891353969,0.023436023436023436,0.5789366558597328
TILS.5648,5648,TILS,5348,8689,0.9174680666530736,82.51839240583672,1,0.37896825396825395,166.20770138594662,5348,153.31746013842945,60.991132211967255,916.8366158202091,0.615490850500633,1.2541496155961815,0.39780943512173184,0.0799497966972959,0.0258523791682278,0.0033720494567253652,0.0011240164855751218,0.09554140127388536,0.023229674035219184,0.06706631697264893,0.7838141626077183,39946.0,0.43779101787413005,0.048840935262604517,0.042382215991588645,0.32944475041305765,0.07730436088719772,0.12098833425123917,0.0006258448906023131,0.003279427226756121,0.014519601461973664,0.0003004055474891103,0.13317979272017222,0.6921844490061583,103081.0,0.4147903105324939,0.09175308737788729,0.030228655135281963,0.23717270884062047,0.0999699265626061,0.12785091335939697,0.0005238598771839621,0.008381758034943393,0.01004064764602594,0.00011641330604088048,0.09961098553564672,0.6546793298474015
TILS.5702,5702,TILS,44923,57731,0.35634231043008024,239.1604901904529,-1,0.6696929039952296,324.05246488801777,44923,263.2224401612466,245.94332868995014,2404.638743755012,0.7781434584538636,1.231118201869395,0.9343554772126894,0.0976290210895879,0.015494663198493139,0.005359225042604718,0.0019060005381648579,0.0826755762848686,0.06711364247914611,0.05619338057224863,0.7712575118844739,81072.0,0.13661930136175252,0.023213933293862246,0.04285079928952042,0.1425646339056641,0.018255377935662127,0.03828695480560489,0.0002096901519636866,0.0019735543714229325,0.009756759423722124,0.003071343990526939,0.060033057035721336,0.4376603512926781,178498.0,0.09881343208327265,0.03068381718562673,0.04977086578000874,0.10069580611547468,0.010437091732120247,0.019904984929803134,0.00011764837701262759,0.0032213246086790887,0.00935024482067026,0.0027787426189649182,0.042062095933848,0.3638920324037244
