,Identifier.label,Identifier.RegionClass,Size.Area,Size.ConvexHullArea,Shape.Eccentricity,Shape.EquivalentDiameter,Shape.EulerNumber,Shape.Extent,Shape.MaxFeretDiameter,Size.FilledArea,Size.MajorAxisLength,Size.MinorAxisLength,Size.Perimeter,Shape.Solidity,Shape.FractalDimension,Shape.MinorMajorAxisRatio,Shape.Circularity,NuclearComposition.NormalizedPixelCount.CancerEpithelium,NuclearComposition.NormalizedPixelCount.NormalEpithelium,NuclearComposition.NormalizedPixelCount.StromalCellNOS,NuclearComposition.NormalizedPixelCount.TILsCell,NuclearComposition.NormalizedPixelCount.ActiveTILsCell,NuclearComposition.NormalizedPixelCount.UnknownOrAmbiguousCell,NuclearComposition.NormalizedPixelCount.BACKGROUND,Neighborhood.PixelCount.Surround-ALL.Distance-64,Neighborhood.Regions.NormalizedPixelCount.Surround-TUMOR.Distance-64,Neighborhood.Regions.NormalizedPixelCount.Surround-STROMA.Distance-64,Neighborhood.Regions.NormalizedPixelCount.Surround-TILS.Distance-64,Neighborhood.Regions.NormalizedPixelCount.Surround-JUNK.Distance-64,Neighborhood.Regions.NormalizedPixelCount.Surround-WHITE.Distance-64,Neighborhood.Nuclei.NormalizedPixelCount.Surround-CancerEpithelium.Distance-64,Neighborhood.Nuclei.NormalizedPixelCount.Surround-NormalEpithelium.Distance-64,Neighborhood.Nuclei.NormalizedPixelCount.Surround-StromalCellNOS.Distance-64,Neighborhood.Nuclei.NormalizedPixelCount.Surround-TILsCell.Distance-64,Neighborhood.Nuclei.NormalizedPixelCount.Surround-ActiveTILsCell.Distance-64,Neighborhood.Nuclei.NormalizedPixelCount.Surround-UnknownOrAmbiguousCell.Distance-64,Neighborhood.Nuclei.NormalizedPixelCount.Surround-BACKGROUND.Distance-64,Neighborhood.PixelCount.Surround-ALL.Distance-128,Neighborhood.Regions.NormalizedPixelCount.Surround-TUMOR.Distance-128,Neighborhood.Regions.NormalizedPixelCount.Surround-STROMA.Distance-128,Neighborhood.Regions.NormalizedPixelCount.Surround-TILS.Distance-128,Neighborhood.Regions.NormalizedPixelCount.Surround-JUNK.Distance-128,Neighborhood.Regions.NormalizedPixelCount.Surround-WHITE.Distance-128,Neighborhood.Nuclei.NormalizedPixelCount.Surround-CancerEpithelium.Distance-128,Neighborhood.Nuclei.NormalizedPixelCount.Surround-NormalEpithelium.Distance-128,Neighborhood.Nuclei.NormalizedPixelCount.Surround-StromalCellNOS.Distance-128,Neighborhood.Nuclei.NormalizedPixelCount.Surround-TILsCell.Distance-128,Neighborhood.Nuclei.NormalizedPixelCount.Surround-ActiveTILsCell.Distance-128,Neighborhood.Nuclei.NormalizedPixelCount.Surround-UnknownOrAmbiguousCell.Distance-128,Neighborhood.Nuclei.NormalizedPixelCount.Surround-BACKGROUND.Distance-128
TUMOR.86,86,TUMOR,14229,25501,0.9196187118855579,134.59912883089783,0,0.40593974666210203,255.03921267130667,14229,257.06660688848496,100.97889949038291,1714.0874452027915,0.5579781185051567,1.3820045226553639,0.39281220035781383,0.06085808682940814,0.11084540723027149,0.011886341257560839,0.005275003516669011,0.004431002954001969,0.0,0.025320016880011252,0.8422422281614854,61670.0,0.05779147073131182,0.19203826820171882,0.00011350737797956867,0.07415274850008108,0.5958164423544673,0.013474947300145939,0.0011350737797956867,0.008383330630776715,0.0007621209664342468,0.0,0.016426139127614724,0.8982811739905951,141902.0,0.05049259348000733,0.18265422615607954,4.932981917097715e-05,0.08783526659243704,0.5372722019421855,0.011042832377274457,0.0009584079153218419,0.007075305492523009,0.0006130991811250018,0.0,0.01040859184507618,0.8513481134867725
TUMOR.243,243,TUMOR,5162,11309,0.8395611271514243,81.07072548042795,1,0.2959522990482743,155.1934276958918,5162,155.54377996845488,84.50152792204936,997.9137802864846,0.45645061455477937,1.4265949856196092,0.5432652333586514,0.06513911059884853,0.08299319727891157,0.0,0.031098153547133137,0.0013605442176870747,0.0,0.006997084548104956,0.8775510204081632,43893.0,0.061490442667395714,0.35730070854122525,0.000113913380265646,0.27717403686236985,0.22486501264438521,0.006948716196204406,0.0,0.015765611828765406,0.000797393661859522,0.0,0.009500375914154877,0.9669879023990158,109959.0,0.07309997362653353,0.30140325030238546,0.0012459189334206387,0.2535581443992761,0.32219281732282035,0.00953082512572868,0.0,0.014669103938740803,0.0009185241771933175,0.0,0.007375476313898817,0.9636682763575515
TUMOR.279,279,TUMOR,15358,38939,0.6650273843454583,139.83709424913917,-2,0.22657932784515064,290.8693864950383,15358,261.2570137020555,195.11169459867352,2340.8641404994282,0.3944117722591746,1.3585132653286849,0.7468189727575473,0.035220223675500865,0.079088560641187,0.0,0.026627806849042857,0.001391004835397761,0.0,0.012320328542094456,0.880572299132278,78773.0,0.0485826361824483,0.2947583562895916,0.0005077882015411372,0.23244004925545556,0.19601894049991747,0.006436215454533914,0.0,0.011653739225369098,0.0001269470503852843,0.0,0.003694159166211773,0.7993221027509426,171079.0,0.06395875589639874,0.2367619637711233,0.0006488230583531584,0.1709327269857785,0.29946983557303936,0.008341175714143757,0.0,0.010305180647537103,0.00025719112223008086,0.0,0.0035656041945533934,0.7800665189766132
TUMOR.346,346,TUMOR,10789,24508,0.9365447219698495,117.20486955817012,0,0.2391815199077769,260.5782032327339,10789,279.76445006162817,98.07090173854945,1708.129075763134,0.44022360045699366,1.4080446513440346,0.35054811902279154,0.04646754053995222,0.060406421081933746,0.0,0.01818687946552844,0.0005567412081284216,0.0,0.010485292753085275,0.9103646654913241,62779.0,0.048025613660619,0.3475525255260517,0.001369884834100575,0.10771117730451266,0.4290766020484557,0.008633460233517578,0.0,0.008060020070405708,0.0006371557367909651,0.0,0.005718472737698912,0.9514009461762691,143939.0,0.0472074976205198,0.2725668512355929,0.0006322122565809127,0.09532510299501873,0.36739868972272977,0.007121072120828962,1.389477486991017e-05,0.008079811586852764,0.00034736937174775426,0.0,0.0060581218432808346,0.7861941516892572
TUMOR.484,484,TUMOR,9396,15597,0.8488452223362772,109.37714003543697,-1,0.4416451233842538,189.01058171435798,9396,182.00048451956835,96.21300104565535,1178.3401871576773,0.6024235429890363,1.3193723078505186,0.5286414555413489,0.08503769760062845,0.10282301845819761,0.0,0.016286644951140065,0.0,0.0,0.0,0.8808903365906623,49365.0,0.055120024308720754,0.15768256862149296,0.00030385900941962927,0.005064316823660488,0.41474729059049936,0.022242479489516864,0.0,0.011323812417704852,0.0002633444748303454,0.0,0.0037273371822141195,0.617259191735035,120541.0,0.04340431886246174,0.11455023601927974,0.00016591865008586291,0.003484291651803121,0.42826921960162934,0.01601114973328577,0.0,0.009955119005151773,0.0004894600177532955,0.0,0.0038493126819920194,0.5768576666860239
TUMOR.680,680,TUMOR,28995,40851,0.6864723571368274,192.13948214668437,-4,0.5501479963570127,272.35638417338413,29840,252.6773263666742,183.73580866065976,3107.1383104791234,0.709774546522729,1.4469948448206087,0.7271558999877593,0.03774086116072311,0.11116506538101349,0.0,0.010370781450522008,0.00034684887794387984,0.0,0.015712254170857757,0.8624050501196628,71144.0,0.03937085348026538,0.2604857753289104,2.8111998200832114e-05,0.021365118632632407,0.43149106038457213,0.012706623186776116,0.0,0.017204542898909256,0.00047790396941414597,0.0,0.004680647700438547,0.7251771055886652,158568.0,0.0435144543665809,0.1813102265274204,0.00015135462388375965,0.01147772564451844,0.3934211190151859,0.01313001362191615,0.0,0.010235356440139246,0.0005108218556076888,0.0,0.002932495837747843,0.6093537157560164
TUMOR.683,683,TUMOR,10076,22153,0.7741134981662741,113.26588918448263,0,0.3059266456157396,211.3764414498456,10076,217.2292403942745,137.51628252683423,1785.3006486383877,0.4548368166839706,1.3536483592933115,0.6330468323566385,0.03972604198928745,0.09566173530587765,0.0,0.014294282287085167,0.0002998800479808077,0.0,0.03728508596561375,0.8524590163934426,60217.0,0.04624939801052859,0.15701546075028647,0.00046498497102147237,0.02243552485178604,0.49929421924041384,0.0071408406264011825,0.0,0.012405134762608567,0.000365345334374014,0.0,0.020874503877642527,0.7223209392696415,135689.0,0.05923840547133519,0.11875686312081303,0.00028742197230431356,0.01846133437493091,0.44954270427226967,0.008652138345776002,0.0,0.006787580422878789,0.00016213547155627942,0.0,0.012779223076299478,0.6387326901959628
TUMOR.837,837,TUMOR,4917,7789,0.9186562269004771,79.12344053100064,1,0.3606160616061606,146.71059948074645,4917,144.06488201608883,56.91396837176608,637.3036072312182,0.631274874823469,1.2883056898797742,0.3950578904122523,0.15213085952545216,0.07361337683523654,0.0,0.00367047308319739,0.0,0.0,0.02426590538336052,0.8984502446982056,37734.0,0.0373138283775905,0.24288440133566544,0.0008745428525997774,0.03352414268299147,0.5481793607886787,0.00763237398632533,0.0,0.016139290825250438,0.0004240207770180739,0.0,0.027243334923411248,0.8399586579742407,99308.0,0.039593990413662544,0.1683751560800741,0.0008760623514721876,0.027188141942240302,0.5941918073065614,0.007703306883634752,0.0,0.011046441374310228,0.0003625085592298707,0.0,0.020592500100696822,0.8109215773150199
TUMOR.871,871,TUMOR,5044,7901,0.9847573960359526,80.13875631455832,1,0.4855602618405853,213.84106247397855,5044,226.05541420368147,39.31861492962607,797.6883835420683,0.6384002025060119,1.1888517484093566,0.17393352452155397,0.09961354748763707,0.13973365136155833,0.004969191015702644,0.015503875968992248,0.021864440469091632,0.0,0.0035778175313059034,0.8143510236533492,43650.0,0.0686368843069874,0.19605956471935854,0.0,0.003665521191294387,0.7312485681557847,0.019083619702176403,0.0,0.013035509736540664,0.0008934707903780069,0.0,0.002199312714776632,0.9647880870561283,111713.0,0.041141138453000096,0.14470115384959673,5.3709058032637205e-05,0.004216161055562021,0.7587120567883774,0.011977119941278097,7.16120773768496e-05,0.010061496871447369,0.0005281390706542658,0.0,0.0014859506055696294,0.9253802153733227
TUMOR.884,884,TUMOR,9382,19001,0.9278607117588837,109.29562392294257,1,0.30537382417081665,245.5402207378661,9382,267.72014600335854,99.8400537473081,1485.3767670841364,0.4937634861323088,1.3528554085068303,0.3729269359731173,0.05343576596060282,0.1302583813794576,0.0008541533205210335,0.013773222293401666,0.001174460815716421,0.0,0.005979073243647235,0.8479607089472561,57028.0,0.06582731289892685,0.26716700568141966,0.00263028687662201,0.00590937784947745,0.5261801220453111,0.022111945009469034,0.0019990180262327278,0.019586869607911905,0.004962474573893526,0.0,0.0022094409763624887,0.8185803464964578,133948.0,0.03953026547615492,0.1504315107355093,0.0011944933854928779,0.003852241168214531,0.5219040224564756,0.012631767551587183,0.0010153193776689462,0.011026667064831129,0.0023292621017111117,0.0,0.0010750440469435901,0.6905814196553887
TUMOR.1006,1006,TUMOR,13886,19168,0.7985662585986576,132.96692941552223,-1,0.5251692447335577,203.3346994489627,17071,201.41759986651348,121.23464554377682,1039.0092347159896,0.7244365609348915,1.2256117832236102,0.6019069119288646,0.16163976477731803,0.2717035960770069,0.004431529240828187,0.007337450054486015,0.0,0.0,0.00029059208136578276,0.7162368325463131,50744.0,0.023155446949393033,0.2449353618161753,5.912029008355668e-05,0.004099006779126596,0.5154303957118083,0.008769509695727574,0.0,0.01753901939145515,0.0003350149771401545,0.0,0.0005912029008355667,0.7663172000630616,123267.0,0.026900954837872262,0.20264953312727657,2.4337413906398306e-05,0.003342338176478701,0.4201773386226646,0.009118417743597233,0.00030016143817891244,0.012241719194918349,0.0001541369547405226,0.0,0.0006976725319834181,0.6351091533013702
TUMOR.1043,1043,TUMOR,7015,8815,0.9428198153402648,94.50807058826864,1,0.45269747031491997,177.04519197086375,7015,173.0132925193081,57.665825037581435,755.866053071732,0.7958026091888826,1.2016701163495624,0.3333028589762604,0.154293580498833,0.14881901173742937,0.0,0.004926822199681206,0.0,0.0,0.003477756846833792,0.8427764092160557,39839.0,0.020833856271492757,0.13514395441652652,0.0,0.015512437561183765,0.5839755013931073,0.0030121237982881095,0.0,0.006626672356233841,0.00010040412660960366,0.0,0.0006777278546148247,0.7450739225382164,104339.0,0.02519671455543948,0.13845254411102273,0.0,0.00754272132184514,0.49154199292690176,0.00622010945092439,0.0,0.00898992706466422,3.8336575968717355e-05,0.0,0.0006229693594916571,0.6546449553858097
TUMOR.1047,1047,TUMOR,19272,31977,0.9835520390877037,156.64569099128153,1,0.3139784946236559,387.64029718283933,19272,430.4756492656663,77.75465912163254,1305.5533905932737,0.6026831785345718,1.1085545269619588,0.18062498832226995,0.14208472041231462,0.3117085211418759,0.0009658725048293626,0.006707447950203906,0.0003756170852114188,0.0,0.0007512341704228376,0.6794913071474565,73558.0,0.021031023138203868,0.30049756654612686,0.0,0.0060360531825226355,0.2737295739416515,0.006212784469398298,0.0011691454362543843,0.017795481116941732,0.00010875771500040784,0.0,0.0005573832893770902,0.5760216427852851,168714.0,0.017301468757779437,0.20029754495773913,1.7781571179629433e-05,0.003502969522386998,0.35750441575684294,0.005755301871806726,0.0005749374681413516,0.01219223063883258,0.00021930604454876298,0.0,0.0004563936602771554,0.5602795262989437
TUMOR.1121,1121,TUMOR,7786,19982,0.9530765473079492,99.56627488918112,0,0.21711003290390943,291.2953827303138,7786,290.2035962724509,87.85316314037703,1289.862048458375,0.38965068561705535,1.275298920718558,0.30272940883164706,0.05880817931377615,0.13653326470209753,0.0,0.001544202805301763,0.0,0.0,0.0014155192381932827,0.8605070132544074,62159.0,0.07583777087790988,0.21662188902652874,0.0,0.0015926897150855064,0.6073939413439727,0.024083399025080842,0.0,0.005373316816551103,0.0009974420437909232,0.0,0.003877153750864718,0.9019932753100919,144353.0,0.04888017568045001,0.12940500024246118,0.0,0.0015448241463634285,0.5496318053660125,0.015940091303956273,0.0,0.004329664087341448,0.0005888343158784369,0.0,0.0018911972733507444,0.7223680837945868
TUMOR.1307,1307,TUMOR,7869,10366,0.9763192190081448,100.09556422499948,1,0.3413586673607496,222.5690903966676,7869,227.72958123312011,49.265852834200864,736.8599564173221,0.7591163418869381,1.1348332306837403,0.2163348852943652,0.1821207781297789,0.18448365334717176,0.0,0.004281266216917488,0.0,0.0,0.0010378827192527244,0.810197197716658,45364.0,0.05868089233753637,0.21724274755312584,0.0,0.0016973811833171678,0.38896481791729126,0.01999382770478794,0.0,0.006106163477647474,0.0003967904064897275,0.0,0.0010581077506392734,0.6505378714399083,115299.0,0.03668722191866365,0.11663587715418174,0.0,0.0011448494783129082,0.38240574506283664,0.011318398251502614,0.0,0.003200374678011084,0.0003035585737950893,0.0,0.0017606397280115179,0.5379318120712235
TUMOR.1792,1792,TUMOR,16554,26784,0.8742057326969055,145.17991398105278,-4,0.3699217877094972,278.61442891566116,16554,242.81260422954108,117.89904379481035,1771.8630944789015,0.6180555555555556,1.3305725143182783,0.4855556990911204,0.06626016148036393,0.14165557303642745,0.0010891927871233208,0.01288878131429263,0.003630642623744403,0.0,0.0015127677598935011,0.8392230424785186,63425.0,0.02735514387071344,0.24373669688608593,0.00012613322822230982,0.011257390618841151,0.4253054789121009,0.009365392195506504,0.0,0.017769018525817894,0.000173433188805676,0.0,0.0011824990145841545,0.7142136381553016,145572.0,0.03510977385760998,0.15378644244772346,5.4955623334157665e-05,0.007096144863023109,0.3126288022421894,0.009768362047646525,0.0,0.01062017420932597,0.00010304179375154563,0.0,0.0005632951391751161,0.5029057785837936
TUMOR.1797,1797,TUMOR,6618,7476,0.8435761777745325,91.79487625710547,1,0.5617519735166794,134.6476884316994,6618,129.66279392609252,69.6301556602022,488.73506473629425,0.8852327447833066,1.1316882529480772,0.5370095271885875,0.3481686221877587,0.20172518159806296,0.0012106537530266344,0.01059322033898305,0.001513317191283293,0.0,0.0016646489104116223,0.7832929782082324,34799.0,0.048191039972413,0.13974539498261443,2.87364579441938e-05,0.0018966062243167907,0.6993879134457887,0.016925773729130147,0.0001724187476651628,0.009770395701025891,0.0006034656168280698,0.0,0.0008046208224374264,0.8609730164659904,94895.0,0.0337741714526582,0.13009115338005164,1.053796301174983e-05,0.0014858527846567258,0.6053322092839454,0.013372675061910533,6.322777807049898e-05,0.007513567627377628,0.0002212972232467464,0.0,0.0004742083355287423,0.7490489488381896
TUMOR.1855,1855,TUMOR,9538,19837,0.9396913638927652,110.2005389173936,-1,0.250499001996008,248.16929705344293,9538,281.0331913374757,96.1199828628181,1434.5483399593904,0.48081867217825275,1.2756333307952796,0.3420235965914554,0.05824207075798307,0.1247100990934008,0.0,0.014336917562724014,0.0,0.0,0.002424625764284208,0.858528357579591,60232.0,0.039115420374551735,0.23929140656129633,0.0,0.014958825873289946,0.5201221941824944,0.012983131890025236,9.961482268561562e-05,0.01371364058971975,0.0004316642316376677,0.0,0.00041506176119006507,0.7937807145703281,137922.0,0.03458476530212729,0.17005263844781834,2.90018996244254e-05,0.010302924841577124,0.4979698670262902,0.012122794043009817,7.25047490610635e-05,0.010455184814605356,0.0003117704209625731,0.0,0.0007830512898594858,0.7012224300691695
TUMOR.1945,1945,TUMOR,6433,32470,0.8082676822418792,90.50276234061202,1,0.12402159244264507,266.9925092582187,6433,308.0971319973026,181.4122780833112,1084.908729652601,0.19812134277794888,1.2069873212994244,0.5888152119666582,0.06868106295020195,0.24709393653785736,0.0007854225573358467,0.007540056550424128,0.0,0.0,0.0006283380458686773,0.743952246308514,71180.0,0.027001966844619276,0.26514470356841807,0.0,0.005226187131216634,0.6209609440854172,0.012391121101432987,0.00015453779151447037,0.014990165776903625,0.0002809778027535825,0.0,0.0005338578252318067,0.8900112391121101,163480.0,0.039662344017616834,0.19883777832150723,6.116956202593589e-06,0.005517494494739417,0.6405187178859799,0.01665035478345975,0.00017739172987521408,0.011450942011255199,0.0003609004159530218,0.0,0.0005933447516515782,0.855327868852459
TUMOR.2041,2041,TUMOR,20711,48921,0.9979432683609067,162.38862094066184,-2,0.06809692904583416,895.2597388467774,23769,987.6336013679876,63.31057351819982,3286.120199984643,0.42335602297581815,1.2444886492037903,0.06410330048563283,0.02410149833943391,0.2620899560365235,0.024928740518865646,0.011884632107831297,0.0,0.0,0.0,0.7010966713367796,134497.0,0.004646943798002929,0.36539104961448954,0.0,0.0002899692929953828,0.6296720372945122,0.0021041361517357264,0.00010409154107526562,0.026431816323040664,0.00014870220153609374,0.0,0.00013383198138248436,0.9710774218012298,290422.0,0.0086494824772228,0.30252529078375606,0.0,0.0003305534704671134,0.6476437735433266,0.0039976310334616525,0.00029267755197609,0.020559737209990978,0.0001549469392814594,0.0,0.00019970938840721433,0.9340408095805414
TUMOR.2191,2191,TUMOR,12617,27834,0.7976325234261346,126.7456639728695,1,0.26890451832907075,240.16869071550522,12617,249.63346376723283,150.56485816612195,1374.1463197058372,0.4532945318675002,1.2431496149086403,0.603143728785152,0.0839653318930689,0.1312938177182919,0.0,0.01505736137667304,0.0022307202039515616,0.0009560229445506692,0.011711281070745698,0.8387507966857871,65105.0,0.03998156823592658,0.08215958835726903,0.0,0.030289532293986638,0.5391751785577145,0.008493971277167653,0.0,0.005652407649182091,0.0,0.0,0.0018278166039474694,0.709546117809692,148730.0,0.022100450480736906,0.04304444295031265,0.0,0.013749747865259194,0.3511463726215289,0.004706515161702414,0.0,0.003153365158340617,2.689437235258522e-05,0.0,0.0008135547636657029,0.43618637800040344
TUMOR.2315,2315,TUMOR,6560,10319,0.7510968679908885,91.39174696581014,1,0.49327017068952556,153.7693077307692,6560,139.2610973689017,91.93906429582603,1130.4701294725885,0.6357205155538327,1.354648109995715,0.6601920136553289,0.06450531799637302,0.09948044009779951,0.01635085574572127,0.025366748166259168,0.08526894865525672,0.001069682151589242,0.012836185819070905,0.7596271393643031,41048.0,0.0553254726174235,0.21971837848372636,0.07544825570064315,0.007698304424088871,0.6410787370882869,0.019123952445916977,0.0019002143831611772,0.027382576495809784,0.041950886766712145,0.0003167023971935295,0.002923406743324888,0.9064022607678816,104767.0,0.06536409365544495,0.24268137867840064,0.03478194469632613,0.008953200912501074,0.6478089474739183,0.019920394780799298,0.0020998978686036633,0.02265026200998406,0.021858027814101767,0.000171809825613027,0.0028253171323031107,0.9304742905685951
TUMOR.2367,2367,TUMOR,16225,26537,0.9858280817573393,143.72999552399637,-2,0.18567472306143,413.3920657196991,17577,419.9692186062717,70.45350491471744,1829.3910524340095,0.6114104834759015,1.2331994457024775,0.16775873514856052,0.06092302627884506,0.28233769439644535,0.015181436682300667,0.013330041964946927,0.0006788447296963713,0.0,0.0008639842014317452,0.687607998025179,74090.0,0.015265217978134701,0.5436361182345796,0.0,0.006195168038871643,0.34555270616817385,0.007963287893102983,0.0022945066810635714,0.03368875691726279,0.00043190713996490754,0.0,0.00029693615872587395,0.8660143069240114,169592.0,0.01471767536204538,0.3941459502806736,0.0,0.003119250908061701,0.44495023350158025,0.007170149535355441,0.0011380253785555922,0.023332468512665693,0.00020048115477145148,0.0,0.00023586018208406057,0.824873814802585
TUMOR.2458,2458,TUMOR,9390,20796,0.7862035060631151,109.3422120000468,1,0.31518528464017187,224.64416306683776,9390,227.39026730240565,140.51983474898668,1209.737156777347,0.45152914021927293,1.318470479663535,0.6179676747646801,0.08062939778297194,0.11190526989545552,0.0006400682739492212,0.008214209515681673,0.0,0.0,0.004160443780669938,0.8750800085342436,58127.0,0.04051473497686101,0.26676071360985426,0.0004645001462315275,0.002184871058200148,0.6898515319902971,0.017427357338242126,0.0007053520739071343,0.02212396992791646,0.001255870765737093,0.0,0.0014795189842930136,0.9570079309099042,133469.0,0.04845319887014962,0.27479789314372627,0.012294989847829833,0.00556683574462984,0.6580853981074257,0.019015651574522924,0.0012362421236391972,0.02296413399366145,0.007679685919576831,5.244663554832957e-05,0.0016558152080258337,0.9473960245450255
TUMOR.2711,2711,TUMOR,7873,12176,0.8957092264003716,100.12100147171888,1,0.41436842105263155,194.7562579225633,7873,183.1226090448452,81.42368880719648,938.5767311903867,0.6465998685939554,1.3103936875151367,0.4446402835340583,0.11230796271574504,0.21947152385838892,0.0024371472550025653,0.012057465366854798,0.0,0.0,0.0017957927142124167,0.7642380708055413,45356.0,0.0145294999559044,0.3431740012346768,0.0,0.004519798924067378,0.4890422435840903,0.008025399065173296,0.00024252579592556664,0.017461857306640797,0.00011023899814798484,0.0,0.0001322867977775818,0.8254255225328512,113171.0,0.012626909720688162,0.2658631628243985,0.0,0.00323404405722314,0.5049526822242447,0.00613231304839579,0.0002032322768200334,0.015242420761502505,9.719804543566815e-05,0.0,0.00030043032225570153,0.764754221487837
TUMOR.2905,2905,TUMOR,28889,51337,0.8795993371723233,191.78794854696713,0,0.36214461214461213,348.98280759945754,28889,344.24522953593083,163.76270794949724,2901.9667376038697,0.5627325320918636,1.3304201531808961,0.47571525731892356,0.04310796409285657,0.1754884300956076,0.0,0.017354856588610225,0.0008313703755022863,0.0,0.001177774698628239,0.8051475682416517,86218.0,0.07615579113410192,0.5029576190586652,0.00047553875060892155,0.02050615880674569,0.38792363543575586,0.03429678257440442,0.0005219327750585725,0.028335150432624277,0.0013802222273771138,5.7992530562063606e-05,0.000707508872857176,0.9244705281959683,182965.0,0.05740442161069057,0.3864509605662285,0.0002240865739349056,0.015330800972863663,0.4240264531467767,0.027103544393736505,0.00034979367638619406,0.02377503894187413,0.001005656819610308,6.012078812887711e-05,0.00048643183122455116,0.831650862186757
TUMOR.2968,2968,TUMOR,5337,8208,0.80647684180359,82.43348500610394,1,0.46408695652173915,125.89678312014172,5337,131.30321463735174,77.63508440975393,635.303607231218,0.6502192982456141,1.2825970600224967,0.5912656793984473,0.16616686424654842,0.12807974421666354,0.0,0.0024449877750611247,0.0,0.0,0.0005642279480910288,0.8689110400601843,36934.0,0.05496290680673634,0.19987003844695944,2.7075323550116425e-05,0.002166025884009314,0.7429739535387447,0.018681973249580333,0.0,0.016163968159419506,0.0002436779119510478,0.0,0.0003249038826013971,0.9645854767964477,97229.0,0.07853623918789661,0.2606218309352148,0.00015427495911713584,0.005070503656316531,0.6556068662641804,0.02536280327885713,6.170998364685433e-05,0.018626130064075534,0.0003291199127832231,0.0,0.00028797992368532024,0.9553322568369519
TUMOR.2984,2984,TUMOR,10515,20543,0.6745114624049635,115.707017128998,1,0.3851366200278368,192.89893727027115,10515,177.4144209944844,130.97874659425267,1312.6427483683688,0.5118531860000973,1.336200058299239,0.7382643747901679,0.07668776021572533,0.1396035829998094,0.0,0.005241090146750524,0.000952925481227368,0.0,0.0017152658662092624,0.8524871355060034,55307.0,0.07279367891948578,0.16921908619162132,9.040446959697687e-05,0.010396514003652341,0.7202704901730341,0.02647042869799483,0.0,0.01247581680438281,0.00047010324190427974,0.0,0.000723235756775815,0.9326305892563328,128854.0,0.10628308007512378,0.1819113104754218,0.00013969298585996554,0.010166545082030826,0.5130535334564701,0.03894330016918373,0.00030266813602992536,0.012161050491253668,0.0010476973939497415,0.0,0.0006596613221165039,0.7584397845623729
TUMOR.3020,3020,TUMOR,4802,7797,0.8444277264594745,78.19268695868081,0,0.3867590206185567,139.18692467326088,4802,132.2044227464786,70.81787722243568,645.1198410471445,0.615877901757086,1.2651808503796067,0.5356695014526055,0.14499439746653714,0.17762471300354832,0.00939261114589856,0.019411396368190358,0.007514088916718848,0.0,0.003965769150490503,0.7820914214151534,37531.0,0.10348778343236258,0.4982281314113666,0.00013322320215288695,0.01481442007940103,0.3833364418747169,0.040872878420505715,0.00015986784258346432,0.02712424395832778,0.0018118355492792624,0.0,0.0008526284937784765,0.9291785457355253,98374.0,0.14616667005509587,0.45903389106877834,0.0009758676072946104,0.0382723077235855,0.3543619248988554,0.056081891556712136,0.0005387602415272328,0.02498627686177242,0.0017382641754935247,6.099172545591315e-05,0.0008640494439587696,0.91572976599508
TUMOR.3085,3085,TUMOR,4203,6940,0.9259347015405615,73.15344015507328,1,0.3703409992069786,137.44089638822936,4203,146.9016690536194,55.482356421116954,551.4629867976521,0.6056195965417868,1.3005499797147384,0.37768363544505257,0.17367468371784908,0.1513126491646778,0.0,0.005489260143198091,0.0,0.0,0.0007159904534606205,0.8424821002386634,36104.0,0.07567028584090406,0.18903722579215598,0.0,0.014652116109018391,0.7206403722579215,0.025232661200974962,0.0,0.011854642144914692,0.0014402836250830932,0.0,0.0009417239087081764,0.960530689120319,96536.0,0.08716955332725615,0.16219855805088257,0.0,0.00821455208419657,0.7006090991961548,0.03200878428772686,4.143531946631308e-05,0.012327007541228143,0.0008079887295931052,0.0,0.0007458357503936355,0.912260711030082
TUMOR.3087,3087,TUMOR,4377,7975,0.8946359277453476,74.65232405830248,0,0.3654199365503423,129.63024338479042,4377,145.94659152309646,65.20833553160807,648.475180106472,0.5488401253918496,1.28435285346111,0.44679587821198735,0.13079757546367973,0.10986238532110092,0.0,0.0071100917431192664,0.0013761467889908258,0.0,0.0013761467889908258,0.8802752293577981,37314.0,0.0958353433027818,0.30004823926676316,0.0,0.007959479015918957,0.5961569384145361,0.031141126654874847,0.0,0.020421289596398134,0.00010719837058476711,0.0,0.00032159511175430133,0.948008790266388,97698.0,0.13425044524964688,0.2865462957276505,1.0235624065999304e-05,0.01651006161845688,0.5626420192839158,0.04147474871542918,0.0,0.01942721447726668,0.00017400560912198817,0.0,0.0004810743311019673,0.9384429568670802
TUMOR.3113,3113,TUMOR,4629,10638,0.9792325393806613,76.77125668229658,1,0.1869623167333091,216.453228204155,4629,243.88920321634922,49.44617297802828,848.6589462905454,0.4351381838691483,1.204225689201077,0.20274031128046932,0.08076638730682263,0.13456121343445288,0.0,0.007800650054171181,0.000866738894907909,0.0,0.0023835319609967496,0.8543878656554713,48084.0,0.12332584643540472,0.17423675235005406,0.00029115714166874635,0.011708676482821728,0.6708884452208634,0.03446052741036519,0.0,0.007882039763746776,0.00012478163214374845,0.0,0.0004991265285749938,0.9374844022959821,118358.0,0.11603778367326248,0.21153618682302844,0.0001182852025211646,0.015182750637895199,0.5779752952905591,0.032063738826272836,0.0,0.012225620574866085,8.448943037226044e-05,0.0,0.00043934503793575426,0.8760709035299684
TUMOR.3156,3156,TUMOR,66083,190395,0.9433960649216524,290.0680762075237,-7,0.23737391879076986,801.5609770940698,67761,866.5859086925393,287.4190796672909,8964.125609556026,0.34708369442474857,1.3799228757138426,0.33166830522427276,0.010334363843657364,0.1533529376098951,0.0008185290729400352,0.0088825562359789,0.0014096889589522827,0.00012126356636148669,0.0007578972897592919,0.8346571272661129,217069.0,0.06097139619199425,0.355347838705665,1.3820490258857782e-05,0.015032086571550982,0.48923614150339295,0.02334741487729708,0.00034090542638515864,0.02256886059271476,0.0007785542845823218,0.0,0.0006633835324251735,0.8733213862873096,387266.0,0.08167512769001152,0.4076965186719206,4.6479680632949964e-05,0.014155644957212872,0.367207552431662,0.03152613449153811,0.00030470012859378306,0.02525395981056948,0.0007281816632495494,0.0,0.000717852845331116,0.8126378251640991
TUMOR.3196,3196,TUMOR,6321,9362,0.8135781097107998,89.71146616944215,1,0.4873178629249865,156.0833110873805,6321,132.01889497783566,76.76313085704972,643.5046173579947,0.6751762443922239,1.2299297468431707,0.5814556383761378,0.19181930778809667,0.15961325091139641,0.0,0.020922491678554447,0.0,0.0,0.0009510223490252021,0.8185132350610239,39119.0,0.0931261024054807,0.5807408164830389,0.0,0.05864158081750556,0.26654566834530535,0.04079858892098469,0.0,0.027352437434494746,0.0005112605127942944,0.0,0.0004601344615148649,0.9308775786702114,102181.0,0.1198363687965473,0.5319188498840293,0.0012624656247247532,0.05376733443595189,0.2922656854013956,0.0527691058024486,0.0006654857556688621,0.028801832043139134,0.001790939607167673,0.0,0.0012722521799551775,0.9147003846116205
TUMOR.3200,3200,TUMOR,33255,55957,0.8233624758136039,205.7707001984681,-1,0.39681876760059187,359.9124893637341,35164,323.5020055477736,183.59251377999323,3692.2581515262677,0.594295619850957,1.3933402876402254,0.5675158442035716,0.030653685706339737,0.17830063786255868,0.014983752557467806,0.014141292574317005,0.012997954025755206,0.0,0.0019256228186304008,0.7776507401612709,90347.0,0.056515434934198146,0.46269383598791325,0.00025457403123512677,0.011732542309097148,0.46873720212071235,0.03215380698861058,0.0003984637010636767,0.027383311011987117,0.0025568087484919254,0.0,0.0010293645610811649,0.9364118343719215,188346.0,0.06921304407845136,0.45037855861021736,0.00012211568071527932,0.010751489280366984,0.4487167234770051,0.0337145466322619,0.00041944081636987246,0.027550359444851496,0.0017680226816603486,0.0,0.0011415161458167415,0.9145986641606405
TUMOR.3307,3307,TUMOR,4975,11523,0.9405859253657691,79.58873497585844,-2,0.21744831504873466,191.7602670002313,4975,213.41540560626498,72.46643114343425,936.7422074112308,0.4317452052416905,1.2273613186375039,0.3395557642034954,0.07124637479364301,0.17637573069945575,0.0,0.010884902237452126,0.0008062890546260835,0.0,0.0,0.811933078008466,47026.0,0.11551056862161357,0.6738825330668141,0.0,0.04491132564964062,0.1656105133330498,0.054246586994428615,0.0,0.04199804363543572,0.000680474631055161,0.0,0.0008080636243780037,0.9022668311147025,115220.0,0.13541051900711681,0.6477868425620552,0.00016490192674882833,0.03268529769137302,0.154747439680611,0.05951223745877452,0.0,0.042006596077069955,0.0005728172192327721,0.0,0.000919979170282937,0.8683561881617775
TUMOR.3372,3372,TUMOR,11139,23025,0.9249778359526225,119.09078591060258,-1,0.2853300545608238,274.9872724327437,11139,260.4772195451228,98.98682803309892,1542.2640687119285,0.4837785016286645,1.2065399091606883,0.38002105599085334,0.05884893215262608,0.19360057522919288,0.0,0.014470609383426208,0.0009886751752651447,0.0,0.0014380729822038468,0.7895020672299119,62999.0,0.15468499499992064,0.655883426721059,6.349307131859236e-05,0.042762583533071954,0.14524040064128002,0.06223908316005016,0.0,0.041429229035381515,0.0009047762662899411,0.0,0.0018571723360688264,0.8935697392022096,145228.0,0.1670063624094527,0.642410554438538,7.574296967526923e-05,0.04874404384829372,0.14065469468697497,0.0666262704161732,0.0,0.03893188641308838,0.0007436582477208252,0.0,0.0013082876580273776,0.8923898972649902
TUMOR.3375,3375,TUMOR,19673,40657,0.8332293288472803,158.26699454900523,0,0.3209822156958721,284.94560884491625,19673,287.45193451692006,158.94009649448867,2775.94235098623,0.4838773150994909,1.3739964892012622,0.5529275590425122,0.03208186230699881,0.16106392717286275,0.006204546610384987,0.013375375069928292,0.005492549458373595,0.0,0.002441133092610487,0.8114224685958399,79081.0,0.08257356381431696,0.3168144054829858,6.3226312262111e-05,0.0062973407013062555,0.5942388184266765,0.03630454850090414,0.0003920031360250882,0.023950127084887647,0.0015300767567430862,0.0,0.0008598778467647096,0.9369633666746753,167674.0,0.08593461120984767,0.3337667139807006,2.9819769314264586e-05,0.005194603814544891,0.5750444314562783,0.03769218841323044,0.00041747677039970417,0.02482197597719384,0.0010317640182735547,0.0,0.0009184488948793492,0.9351181459260232
TUMOR.3392,3392,TUMOR,17011,47667,0.599658539378926,147.17023440726678,-2,0.20744615984975975,347.476617918386,17011,289.70488910946546,231.8380704200819,2487.0479066835014,0.3568716302683198,1.3555591888350165,0.8002559816395832,0.034559814817961235,0.18271663039002295,0.0,0.021413024295546798,0.0007059238778751692,0.0,0.0010588858168127538,0.7941055356197423,89476.0,0.1502749340605302,0.7051835128973133,1.1176181322365774e-05,0.02308999061200769,0.12032276811658993,0.05901023738209129,0.0,0.04469354910814073,0.0007152756046314095,0.0,0.0011287943135589432,0.8944521435915777,187544.0,0.18324766454805272,0.6264983150620654,0.00019195495457066076,0.0326856630977264,0.1565232692061596,0.07146589600307128,9.064539521392314e-05,0.04090773365183637,0.0007038348334257561,4.2656656571257946e-05,0.0012210467943522586,0.8855681866655292
TUMOR.3595,3595,TUMOR,4255,7896,0.9022252029919734,73.60458044747023,1,0.3280141843971631,153.39491516996253,4255,149.18271499673804,64.33731521061455,767.2031021678297,0.5388804457953394,1.2508382431882257,0.43126521200543455,0.09084242687874226,0.15538788021692998,0.0,0.03065314784248998,0.006602216458382457,0.0,0.0028295213393067674,0.8045272341428908,38881.0,0.12052159152285177,0.49131966770401997,0.0,0.010802191301664052,0.3766106838815874,0.041356960983513796,0.0,0.03261232992978576,0.0009001826084720044,0.0,0.0006429875774800031,0.9244875389007484,100992.0,0.17941025031685678,0.4556400506970849,4.950887198986058e-05,0.010228532953105196,0.35432509505703425,0.06176726869455006,0.000168330164765526,0.03120049112801014,0.0009010614702154626,7.921419518377693e-05,0.0005743029150823828,0.9053093314321926
TUMOR.3653,3653,TUMOR,5822,10685,0.4746207256767429,86.09762267013019,1,0.3938041125541126,137.2443077143821,5822,119.83627242416152,105.47873836389746,626.9188309203678,0.5448759943846514,1.175824225379663,0.880190415056925,0.18614845458306756,0.16037898363479758,0.0,0.0068906115417743325,0.0,0.0,0.0020671834625322996,0.8306632213608958,41498.0,0.10026989252494097,0.13063280158079907,0.0,0.009036580076148248,0.7353607402766399,0.028531495493758736,0.0,0.006096679358041352,0.0,0.0,0.0008916092341799605,0.9398043279194178,105220.0,0.12697205854400304,0.13592472913894696,0.0,0.007070899068618133,0.637321801938795,0.03638091617563201,0.00014255844896407527,0.006206044478236077,0.0001520623455616803,0.0,0.0007032883482227713,0.8637711461699297
TUMOR.3686,3686,TUMOR,6064,11750,0.4962909723619307,87.86879195296831,0,0.316162669447341,149.04026301640775,6064,129.64987360215832,112.55634780598245,1110.7838379715733,0.5160851063829788,1.199879875269252,0.868156247890925,0.0617603790039179,0.16305963984800925,0.0,0.034032711052370726,0.0006608293408227325,0.0,0.005617049396993226,0.796629770361804,45001.0,0.05808759805337659,0.8170040665762983,2.2221728406035422e-05,0.017977378280482657,0.10510877536054754,0.026954956556520967,0.0,0.05135441434634786,0.0002444390124663896,0.0,0.001422190617986267,0.9200239994666786,111973.0,0.1172336188188224,0.7080456895858823,5.358434622632242e-05,0.011895724862243577,0.16186937922534897,0.05272699668670126,0.00025899100676055834,0.046082537754637276,0.00046439766729479426,0.0,0.0010716869245264483,0.8993953899600796
TUMOR.3701,3701,TUMOR,11216,19551,0.7816362180860409,119.50169343465215,-2,0.38582731338149295,203.69094236121546,11216,190.7993175242568,119.00813161258911,1599.8031739553294,0.5736790956984298,1.339093169776015,0.6237345770246757,0.055069959423654086,0.17723214285714287,0.0008928571428571428,0.007589285714285714,0.0013392857142857143,0.0,0.0015178571428571428,0.8114285714285714,54305.0,0.08301261393978455,0.43539268943927817,0.0,0.003222539361016481,0.4783721572599208,0.03662646165178161,0.0005340208083970168,0.029555289568179724,0.0009575545529877543,0.0,0.0006997514041064359,0.9316269220145474,128044.0,0.09150760676017619,0.47276717378401173,0.00014838649214332574,0.004920183686857643,0.41823123301365156,0.04218081284558433,0.0013198587985380026,0.02699853175470932,0.0014213863984255412,0.0,0.0008122207991003093,0.9149354909249945
TUMOR.3712,3712,TUMOR,23091,53970,0.8586639844043885,171.4653735524454,-4,0.2553184431667404,345.7875070039402,23091,368.5897696715615,188.91660871700864,3400.7423868799797,0.4278488048916064,1.3789274718528268,0.5125389369470188,0.025090258530491096,0.16756264631925777,0.0,0.02358449666175323,8.670770831526923e-05,0.0,0.001994277291251192,0.8067718720194226,93442.0,0.16301020954174783,0.647182209284904,0.0001070182573146979,0.009695854112711629,0.17966225037991482,0.06288392799811648,0.0001819310374349864,0.049528049485242184,0.0009738661415637507,8.561460585175831e-05,0.0002996511204811541,0.8860469596113096,193496.0,0.19720821102245006,0.5675362798197379,7.752098234588829e-05,0.012279323603588705,0.20439182205316905,0.0742495968908918,8.785711332534006e-05,0.042776078058461155,0.0010284450324554513,4.134452391780708e-05,0.0007028569066027205,0.8629170628850209
TUMOR.3767,3767,TUMOR,14315,27130,0.8347654334693396,135.00527427802166,0,0.3261711629602625,240.63665556186572,14315,248.17654381413212,136.64742734066894,1729.7859300126265,0.5276446737928493,1.3051549585468007,0.5506057310678356,0.06011965723775274,0.1736606518394181,0.005175549027836061,0.005385368583018604,0.0006993985172751433,0.0,0.0013987970345502867,0.8136802349979018,63498.0,0.12619295095908534,0.45340010708998707,1.5748527512677564e-05,0.00485054647390469,0.41550914989448484,0.049103908784528645,0.003291442250149611,0.01669343916343822,0.0002204793851774859,0.0,0.0005354499354310372,0.930155280481275,144235.0,0.13464831698270185,0.47240267618816517,6.933129961521129e-06,0.005976358026831213,0.38285436960515823,0.050903040177488125,0.0030921759628384235,0.019378098242451555,0.00020106076888411274,0.0,0.0007487780358442819,0.9217180296044649
TUMOR.3807,3807,TUMOR,80072,156579,0.7058061304060032,319.29741124229923,-9,0.4038125977104241,512.577798972995,86204,499.5294384647119,353.8691738055068,8194.340725563925,0.5113840297868807,1.4664298063333816,0.7084050439411792,0.014985198626724218,0.17443650426141696,0.0,0.01352890379585247,5.006069859704892e-05,0.0,0.0015268513072099921,0.8104576799369235,164542.0,0.1031347619452784,0.48386430212347,3.6464853958259895e-05,0.011881464914733016,0.2228184901119471,0.04275504126605973,0.0,0.038275941704853475,0.00019447922111071945,0.0,0.0007657619331234578,0.7413730233010417,305651.0,0.10048715692080183,0.41140058432656856,1.9630231865755386e-05,0.008323218311080285,0.1570909305057075,0.04053315709747392,0.0,0.032278644597923775,0.0001766720867917985,0.0,0.0005463747869301917,0.6047845418467468
TUMOR.3808,3808,TUMOR,4701,7595,0.8597364184877919,77.36600739213573,0,0.46088235294117647,140.4314779527724,4701,142.4851864304655,72.772597205678,693.889393668845,0.6189598420013167,1.2543147850042928,0.5107379863744075,0.12269295229994436,0.19854824935952178,0.0,0.025619128949615714,0.0,0.0,0.0008539709649871904,0.7749786507258754,37109.0,0.24902314802339054,0.6287154059662077,0.0,0.0029911881214799646,0.11927025788892183,0.0880648899188876,0.0,0.05098493626882966,0.0001616858444043224,0.0,2.6947640734053733e-05,0.8607615403271444,97635.0,0.24325293183796795,0.6254519383417831,7.16956009627695e-05,0.004445127259691709,0.1267783069595944,0.09137092231269524,0.0,0.053105955855994265,0.000143391201925539,0.0,9.218005838070365e-05,0.8552875505710043
TUMOR.3839,3839,TUMOR,4933,14359,0.7444449862322909,79.25207047250285,0,0.2406341463414634,172.97687706742772,4933,172.10251970283528,114.91006507824264,1056.233585439879,0.3435476008078557,1.3065920955947543,0.6676838042618708,0.05556496356438524,0.19609438567941415,0.0,0.03356387306753458,0.0004068348250610252,0.0,0.0006102522375915378,0.7693246541903987,49808.0,0.140479441053646,0.7076574044330228,0.00010038548024413749,0.01162463861227112,0.13977674269193704,0.053907002891101834,0.0,0.04967073562479923,0.00038146482492772246,0.0,0.0008633151300995824,0.8951774815290716,118365.0,0.20548303974992607,0.6298483504414312,0.00014362353736324082,0.010982976386600769,0.152891479744857,0.0768047987158366,0.0,0.04444726059223588,0.0005913910362015799,0.0,0.0009969163181683775,0.8771596333375575
TUMOR.3879,3879,TUMOR,48606,115860,0.45722835271261336,248.771142440994,-8,0.29707000452272975,424.00117924364315,50152,374.9535793674066,333.4647151615691,6468.03607231218,0.4195235629207664,1.4350091099266484,0.8893493315203594,0.014600068048530514,0.1465763856016794,0.00489822799399041,0.006709337504373418,0.0017287863508201444,0.0,0.0013377513428965405,0.8387495112062401,148073.0,0.1050495363773274,0.3002167849641731,2.0260277025521194e-05,0.006652124290046126,0.5879870064090009,0.03760982758504251,0.0012291234728816192,0.013351522559818469,0.0006888494188677206,0.0,0.0007901508039953267,0.9463305261593944,273415.0,0.14892013971435364,0.3279666441124298,0.0003364848307517876,0.006148163048845162,0.516518844979244,0.05222829764277746,0.001470292412632811,0.015262513029643583,0.0009143609531298575,0.0,0.0008302397454419106,0.9292942962163744
TUMOR.3920,3920,TUMOR,7683,12230,0.9105324827001381,98.90550754230148,0,0.3367521367521368,200.7710138441304,7683,177.15090514879563,73.24083410498883,916.6650429449553,0.6282093213409649,1.2355700287160096,0.4134375381456343,0.11489982243919561,0.16499413527955167,0.0,0.012902384986315652,0.0007819627264433729,0.0,0.0006516356053694774,0.8206698814023198,46002.0,0.19505673666362333,0.6931220381722534,0.0,0.010716925351071693,0.10093039433068128,0.06573627233598539,0.0,0.04547628363984175,0.0003043345941480805,0.0,0.000608669188296161,0.8878744402417286,114591.0,0.2252445654545296,0.627160946322137,6.98135106596504e-05,0.014678290616191499,0.132401322966027,0.08190870138143484,0.0,0.040099135185136706,0.0006283215959368537,0.0,0.0006108682182719411,0.8767529736192197
TUMOR.3926,3926,TUMOR,86529,217592,0.6430452757642268,331.9218952801832,-4,0.26867687607124224,581.1609071505068,91227,604.3116589887906,462.7988869227143,8841.220017965003,0.3976662744953859,1.36001074314309,0.7658281617421167,0.013910641300313392,0.1640293590706814,0.00880772120441542,0.009674622897763394,0.008241345431428076,0.0,0.001283014506155002,0.8079639368895567,210041.0,0.08220775943744317,0.45248308663546644,0.0008379316419175304,0.003675472883865531,0.46055293966416083,0.03649287520055608,0.00046657557334044304,0.026985207649935013,0.0025280778514670944,6.189267809618123e-05,0.0006570145828671545,0.932808356463738,377224.0,0.11429813585561895,0.4230430725510572,0.0007793777702373126,0.0029451996691620894,0.4587804593557144,0.04400303268084745,0.0007237079295060759,0.024701503615888704,0.00230102008355778,3.446228235743219e-05,0.000599113524059975,0.9276371598837826
TUMOR.3978,3978,TUMOR,20559,40100,0.8362691510862491,161.79163081015722,-3,0.33171447933137566,303.7252047492931,21228,287.69319892971436,157.74769467501906,2623.6458864299484,0.5126932668329177,1.367362812015638,0.5483191652144618,0.037531974684634775,0.1978294724547401,0.0,0.009441308156511582,0.0006813315164492894,0.0,0.0009733307377846992,0.7910745571345144,77640.0,0.13302421432251416,0.6547527047913446,0.0,0.004559505409582689,0.2075090159711489,0.07074961360123648,0.0007599175682637816,0.04045595054095827,0.0005151983513652757,0.0,0.0010819165378670788,0.8864374034003091,166717.0,0.13257196326709333,0.6458249608618197,0.0,0.004444657713370562,0.21707444351805755,0.07219419735239957,0.0007377771912882309,0.03856835235758801,0.0007497735683823486,0.0,0.0009537119789823473,0.8867961875513595
TUMOR.4001,4001,TUMOR,4688,7926,0.6884121812402823,77.25896055292515,1,0.38300653594771245,120.20399327809372,4688,113.54332909113964,82.35521351172547,620.6761902332486,0.5914711077466566,1.2443944687738773,0.7253197010422346,0.1529210585301593,0.12716763005780346,0.0,0.002569043031470777,0.0,0.0,0.002140869192892314,0.8681224577178335,36541.0,0.11466571796064695,0.17563832407432747,0.0,0.00974248104868504,0.6997892777975425,0.03442708190799376,0.0,0.008209955939903122,0.0005746969157932186,0.0,0.0002189321583974166,0.9565693330779125,96598.0,0.16881301890308287,0.1955009420484896,5.1760906022899025e-05,0.009389428352553884,0.6261620323402141,0.04945236961427773,0.00018633926168243648,0.007691670635002795,0.0005383134226381499,0.0,0.0006004265098656287,0.9415308805565332
TUMOR.4059,4059,TUMOR,5551,8171,0.7624139762415447,84.06992751766168,1,0.45891203703703703,135.9301291105103,5551,123.89096245546527,80.16855127149279,712.3746750430835,0.6793538122628809,1.3056708267722996,0.6470895833125095,0.13745614113378896,0.2109727486013355,0.0,0.015340191301209168,0.00036094567767550983,0.0,0.0007218913553510197,0.7726042230644288,37137.0,0.15192395723941082,0.7249643212968199,0.0,0.015240864905619732,0.10727845544874384,0.06387161052319788,0.0,0.05256213479817971,5.385464630961036e-05,0.0,0.0008616743409537658,0.882650725691359,98203.0,0.20911784772359296,0.6596437990692748,3.054896489923933e-05,0.012250134924594971,0.11800046841746178,0.08801156787470851,0.00029530666069264687,0.0443978289868945,0.00013237884789670377,0.0,0.0011303117012718552,0.8660326059285358
TUMOR.4066,4066,TUMOR,6324,12301,0.9084654808807033,89.73275255393189,1,0.3147834743653559,210.77476129745705,6324,192.4620141207562,80.44140234304297,1048.98484809835,0.5141045443459882,1.303022434622231,0.41795989047777354,0.07222096631910757,0.2341842397336293,0.005866497542413192,0.012842872998255907,0.00031710797526557794,0.0,0.0,0.746789281750436,48090.0,0.08448741942191725,0.7921813266791433,0.0,0.0014140153878145145,0.12191723851112497,0.05945102932002495,0.001060511540860886,0.05348305260969016,0.0007485963817841547,0.0,0.000810979413599501,0.8844458307340404,118679.0,0.1131034134092805,0.7581122186739019,0.0,0.004457401899240809,0.12431853992703006,0.0698354384516216,0.0013734527591233495,0.04846687282501538,0.0006319567910076762,0.0,0.001179652676547662,0.8785126264966844
TUMOR.4082,4082,TUMOR,11521,28126,0.7930564718280955,121.11561746898626,-1,0.28043912175648705,257.11670501933554,11521,232.3511760176588,141.53628212571488,1827.4844148224613,0.4096209912536443,1.3445772532081006,0.6091481203217928,0.043350356853017726,0.11267483276865607,0.0,0.003214316740509078,0.0012162279558683,0.0,0.0006949874033533142,0.8821996351316133,67290.0,0.11802645266755833,0.1522068658047258,0.0003120820329915292,0.0025858225590726707,0.7248773963441819,0.042784960618219646,0.000490414623272403,0.004369148461881409,0.001382077574676772,0.0,0.0005201367216525486,0.9484618814088275,149163.0,0.1540931732400126,0.2033614234092905,0.0002346426392604064,0.0044850264475774825,0.5796812882551303,0.05103142200143467,0.0003217956195571288,0.008688481728042477,0.0013810395339326777,0.0,0.0003821322982240904,0.8800640909608951
TUMOR.4087,4087,TUMOR,6610,14324,0.8111358432427049,91.73937753603643,-1,0.2932564330079858,167.91962362987834,6610,177.75256862750598,103.9599758650115,1046.6599923110718,0.4614632784138509,1.2736294814841103,0.5848577979363411,0.07582284495829518,0.1311749506003952,0.0,0.0034959720322237423,0.0006079951360389116,0.0,0.0015199878400972793,0.8632010943912448,48547.0,0.06527694811213876,0.15671411209755495,0.0,0.0007209508311533154,0.5713638329865903,0.02519208190001442,0.0,0.007559684429521906,0.0007415494263291243,0.0,0.00032957752281294415,0.7604795352956928,117380.0,0.07466348611347759,0.17105128642017378,2.5558016697904244e-05,0.0007752598398364287,0.4610495825523939,0.026912591582893167,9.371272789231555e-05,0.009056057249957403,0.0009030499233259499,0.0,0.00025558016697904245,0.6704464133583234
TUMOR.4089,4089,TUMOR,5411,8418,0.8147580047052784,83.00300703325131,1,0.47716049382716047,136.12494260788506,5411,132.71531493546652,76.94849453719559,621.5462479183373,0.6427892611071513,1.1981149155478983,0.5798011674433518,0.17601127939586192,0.1846386681800984,0.0,0.0,0.0022701475595913734,0.0,0.0,0.8130911842603102,38046.0,0.05690479945329338,0.17405246280817957,2.6283972033853757e-05,0.000972506965252589,0.43337013089418075,0.019161015612679386,0.0,0.010066761288965989,0.0007096672449140514,0.0,0.00031540766440624505,0.6350996162540083,99771.0,0.057291196840765356,0.1660201862264586,0.00014032133585911737,0.0010323641138206493,0.4136572751601167,0.020697397039219814,0.0,0.00905072616291307,0.0007016066792955869,0.0,0.0002505738140341382,0.6075613154122942
TUMOR.4107,4107,TUMOR,4594,7687,0.9193243507374442,76.48047115776248,1,0.5361811391223156,137.05838172107534,4594,151.75056140572883,59.713940037219366,756.0315292925759,0.5976323663327696,1.341866433424051,0.39350062025513577,0.10099992232219426,0.14645359019264448,0.0,0.009851138353765323,0.0,0.0,0.0,0.8436952714535902,37514.0,0.20509676387482006,0.5608839366636456,0.00013328357413232392,0.004291731087060831,0.22911446393346485,0.08495495015194328,0.0,0.04507650477155195,0.00045316415204990136,0.0,0.0003998507223969718,0.8691155302020579,98445.0,0.23776728122301793,0.547087206054142,0.00018284321194575652,0.008309208187312712,0.20621666920615572,0.09444867692620244,0.0,0.0433439991873635,0.0003758443801107217,0.0,0.0007110569353446087,0.8611204225709788
TUMOR.4111,4111,TUMOR,120977,227222,0.7633064743765169,392.469999367373,-12,0.3772349966011213,703.4543339833795,128354,630.2792430737435,407.18342882416204,13312.756344084322,0.5324176356162695,1.4921025418490481,0.6460365517328659,0.00857781563848329,0.17772684396048125,0.00022341006503715226,0.01682195045261224,0.0002647822993032916,0.0,0.0010177569629470269,0.803945256259619,209503.0,0.07827095554717593,0.5942683398328424,1.909280535362262e-05,0.028978105325460732,0.25323265060643524,0.039102065364219125,0.0002863920803043393,0.05186560574311585,0.001093063106494895,0.0,0.0026252607361231103,0.8620974401321222,377530.0,0.09815378910285276,0.5165231902100496,2.3839165099462293e-05,0.019487193070749344,0.25022382327232273,0.04645193759436336,0.00022779646650597304,0.04209996556565041,0.0007734484676714433,0.0,0.0020024898683548326,0.7949169602415702
TUMOR.4202,4202,TUMOR,6187,10858,0.8673214229198905,88.75546779368835,1,0.3420121614151465,172.73389939441535,6187,160.61413032176714,79.94543923448903,936.5411972844539,0.5698102781359367,1.2528836143601116,0.4977484800019147,0.08864131855314578,0.132610103626943,0.0019430051813471502,0.006314766839378238,0.0024287564766839378,0.0,0.0009715025906735751,0.8557318652849741,43481.0,0.11588969894896621,0.41694073273383775,0.0,0.006646581265380281,0.46049998850072443,0.04889491962006393,0.0008049492881948438,0.01915779305903728,0.0003219797152779375,0.0,0.0012189232078379062,0.9296014351095881,108902.0,0.16961121007878643,0.45038658610493837,4.5912839066316505e-05,0.007171585462158638,0.37262860186222474,0.06596756717048355,0.0010192650272722265,0.018769168610310187,0.0006244146113019045,0.0,0.001184551247910966,0.9124350333327211
TUMOR.4203,4203,TUMOR,24457,44631,0.8076708042335689,176.46421604843252,-1,0.38383790825054537,331.14498335321343,24457,306.51339387079315,180.73061920127327,3155.5230867899736,0.5479823441105958,1.378234582573907,0.5896336760978803,0.030865287288938493,0.17536611306553218,0.0,0.014930868035670458,8.181297553792031e-05,0.0,0.0009817557064550437,0.8086394502168044,82663.0,0.13253813677219553,0.4578711152510797,9.677848614253052e-05,0.018811318243954368,0.2792785163858074,0.05527261289815274,0.0,0.04243736617349963,0.00045969780917701994,0.0,0.001693623507494284,0.7900511716245479,175388.0,0.15101945401053665,0.3970796177617625,8.55246653134764e-05,0.014020343467055899,0.21101785755011745,0.05751818824549,0.0,0.03471731247291719,0.00047323648140123613,0.0,0.001043400916824412,0.6803088010582252
TUMOR.4231,4231,TUMOR,15952,32374,0.9223284839010154,142.5156735858036,1,0.25042386185243326,325.99539874053437,15952,332.910496086189,128.63885910271568,1988.7564927611036,0.492741088527831,1.3328699687213155,0.38640673879327514,0.05068293820329714,0.21754407981426868,0.0011921942649181152,0.012423919181778252,0.0001882411997239129,0.0,0.0001882411997239129,0.7684633243395871,72176.0,0.1580303702061627,0.6698625581910884,0.0,0.006317889603192197,0.16578918199955664,0.08886610507647971,0.00042950565284859235,0.0377410773664376,0.0005957659055641764,0.0,0.001274661937486145,0.8710928840611838,161408.0,0.187636300555115,0.6335125892149088,0.0,0.005092684377478192,0.173758425852498,0.0969964314036479,0.0007496530531324346,0.03745787073750991,0.0005328112609040444,0.0,0.0010160586835844569,0.8632471748612213
TUMOR.4318,4318,TUMOR,25252,42526,0.8733975609844036,179.30935553855613,-4,0.3672003373613111,342.84252945047524,27399,314.0535536993904,152.94656354609825,3484.3048327204942,0.5938014391195974,1.456604244314629,0.4870079059589228,0.026138060454482765,0.20523792543286185,0.0017433337295455445,0.017671064622211657,0.0012282578549070882,0.0,0.00031696976900828084,0.7738024485914656,79501.0,0.14920567036892618,0.6576143696305707,0.00012578458132602105,0.009509314348247191,0.18287820278990202,0.08334486358662155,0.0013333165620558233,0.047710091696959785,0.0013333165620558233,0.0,0.0013333165620558233,0.8649450950302512,171506.0,0.17465861252667544,0.621511783844297,5.8306998005900666e-05,0.009708115167982461,0.19263466001189464,0.09457978146537148,0.001387706552540436,0.04377106340302963,0.001125325061513883,0.0,0.0018658239361888213,0.8572702995813557
TUMOR.4385,4385,TUMOR,6161,10603,0.7789814013556622,88.56878025079344,1,0.4403230417381361,138.03260484392808,6161,140.7449953374156,88.25373114648654,750.6589462905454,0.5810619635952089,1.2602940067175679,0.6270470288120092,0.13739652320381274,0.15491122332627463,0.0006515719172503665,0.017429548786447303,0.00407232448281479,0.0,0.0,0.8229353314872129,41266.0,0.13071293558862018,0.45029806620462365,0.0,0.0056947608200455585,0.4130034410895168,0.05418504337711433,0.002205205253719769,0.023748364270828284,0.0009208549411137498,0.0,0.0008723888915814472,0.9180681432656425,104898.0,0.19059467292036072,0.4440599439455471,9.533070220595245e-06,0.00832237030257965,0.35656542546092396,0.07198421323571469,0.002230738431619287,0.021420808785677516,0.0008007778985300005,0.0,0.001439493603309882,0.9021239680451486
TUMOR.4397,4397,TUMOR,5498,8487,0.7947106757878613,83.66762227381584,0,0.48126750700280113,138.68309197591464,5498,128.8654585039051,78.21984102594546,792.1320343559643,0.6478143042299989,1.2985208217824593,0.6069884198144152,0.1101081449506806,0.20565693430656934,0.0031021897810218978,0.009854014598540146,0.0012773722627737226,0.0,0.0,0.7801094890510949,37631.0,0.14243575775291648,0.6909197204432516,0.0,0.0030294172357896417,0.16361510456804232,0.08607265286598814,0.0007972150620499057,0.05343998299274534,0.0011426749222715315,0.0,0.0007174935558449151,0.8578299806011002,98543.0,0.18117978953350314,0.648863947718255,8.1182833889774e-05,0.006048121124788163,0.16382695878956394,0.09978385070476847,0.0010959682575119492,0.0520686400860538,0.0015221781354332626,0.0,0.0009640461524410664,0.8445653166637914
TUMOR.4510,4510,TUMOR,4543,8125,0.9556775901674234,76.05476481938423,1,0.43316170861937453,165.71059109181888,4543,174.57274396153147,51.39687930750909,741.9310242291875,0.5591384615384616,1.3339204120801864,0.2944152571654302,0.10371117088588222,0.2243547319655857,0.0,0.01632472975954114,0.0008824178248400617,0.0,0.0,0.7584381204500331,40009.0,0.11142492939088705,0.7003424229548352,0.0,0.0034742183008823016,0.18475842935339548,0.06833462470944038,0.0004998875253068059,0.05901172236246845,0.0005748706541028268,0.0,0.0002999325151840836,0.8712789622334974,103457.0,0.1325284900973351,0.6534212281430932,0.0,0.004736267241462637,0.20931401451810897,0.07464937123635906,0.0006379461998704776,0.04880288429009154,0.0003962999120407512,0.0,0.00041563161506712935,0.8750978667465711
TUMOR.4514,4514,TUMOR,5871,10010,0.9205041930975983,86.45917746046477,1,0.31533999355462455,192.78226059469267,5871,171.44823880217,66.99043054581452,777.4873734152916,0.5865134865134866,1.2676831556023018,0.39073268418413537,0.12204928934083473,0.1681461249573233,0.0008535336292249915,0.007169682485489928,0.005291908501194947,0.0,0.0005121201775349949,0.8180266302492318,43589.0,0.055151529055495654,0.4076487187134369,0.0,0.001307669366124481,0.5358920828649429,0.023560990158067403,0.0,0.025396315584207026,0.0008258964417628301,0.0,0.0003441235174011792,0.9498726742985616,110530.0,0.10368225821044061,0.3987243282366778,0.00027141952411110105,0.0011399620012666244,0.4961820320275038,0.03637021623088754,0.0001266624445851805,0.02530534696462499,0.0013842395729666153,0.0,0.0002804668415814711,0.9365330679453542
TUMOR.4574,4574,TUMOR,24108,50391,0.8308985022212059,175.20062484042487,-3,0.32286058658095623,316.56436944166666,24108,320.4035237627849,178.28021353960827,3422.7190462828676,0.47841876525570043,1.3894336172097368,0.5564240100917256,0.025860001378596526,0.2306286853251391,0.0005398222738975168,0.015903994684826842,0.0,0.0,0.0012042189186944605,0.751723278797442,87385.0,0.08595296675630829,0.6926131487097328,0.0,0.0034903015391657606,0.21789780854837787,0.057721576929679004,0.00025175945528408767,0.046403845053498885,0.0006637294730216857,0.0,0.00046918807575670884,0.8944899010127596,181893.0,0.10582595262049667,0.6741380921750699,0.0,0.003535045328847179,0.2164624257118196,0.06730330469012001,0.000698212685479925,0.048006245430005555,0.0006102488825848163,0.0,0.000791674226055978,0.8825903140857537
TUMOR.4619,4619,TUMOR,73550,209049,0.5600746555977284,306.01759510732586,-14,0.21366776478243946,669.546114916665,80384,567.8091858089349,470.3970572874124,6801.001584426774,0.35183138881314907,1.3109606132125349,0.8284421405005216,0.019982360466134597,0.17484837770948353,0.00044874758628192225,0.009206124724632163,0.016209306752971255,0.000666322173570127,0.0035219886317278144,0.7950991324213332,191580.0,0.06285624804259317,0.5398841215158159,0.00031318509238960227,0.0019104290635765739,0.39483244597557154,0.032346800292306084,5.219751539826704e-06,0.02817621881198455,0.0013571354003549432,0.0,0.00027664683161081533,0.9378379789122038,369971.0,0.1168172640558314,0.5003770565801103,0.0007514102456679037,0.001965018879858151,0.3780296293493274,0.04857407742769028,0.00013244281308534992,0.02613177789610537,0.0019920480253857735,1.0811658211048974e-05,0.0003865167810450008,0.9208316327495939
TUMOR.4647,4647,TUMOR,13257,30641,0.9563132484893646,129.92050124808654,0,0.26636528028933093,330.7960096494515,13257,346.1871043355905,101.20569703122926,2030.785930012626,0.4326555921804119,1.3614920263701211,0.2923439254777134,0.04039492709985266,0.19830841262649146,0.0016613804561244525,0.0158586316266425,0.0020389669234254643,0.0,0.0006796556411418215,0.7814529527261743,74160.0,0.1332254584681769,0.5952535059331175,0.00013484358144552318,0.014199029126213592,0.25473300970873786,0.07568770226537216,0.0013754045307443365,0.057119741100323626,0.0022114347357065803,0.0,0.0023867313915857604,0.8612189859762676,162914.0,0.15783787765324037,0.5724615441275765,7.979670255472213e-05,0.01441251212296058,0.24924806953361897,0.08136194556637244,0.0011478448752102336,0.04633733135273826,0.0017248364167597628,0.0,0.0030384129049682656,0.8636949556207569
TUMOR.4652,4652,TUMOR,41821,88993,0.7281216298199075,230.75560881670728,-5,0.3134373102895216,485.1762566325768,43127,396.8909806923059,272.0481090974842,5127.149637236166,0.46993583765015223,1.3743446410927147,0.6854479500212994,0.01999181811689347,0.15486185862935056,0.0009807439301518957,0.009137662958976198,0.01126659490491568,0.00038272933859586174,0.001602679105370171,0.8217677311326397,123808.0,0.09152074179374516,0.4824163220470406,0.0011792452830188679,0.003933509950891703,0.4209017187903851,0.04074857844404239,9.692426983716723e-05,0.031056151460325667,0.0029965753424657533,2.4231067459291807e-05,0.0006300077539415869,0.9244475316619282,242888.0,0.14121735120714074,0.46980913013405357,0.0017827146668423306,0.004602944567043246,0.382550805309443,0.05686159876156912,0.0003623069068871249,0.029178057376239255,0.004001844471525971,2.0585619709495735e-05,0.0006299199631105694,0.9089456869009584
TUMOR.4697,4697,TUMOR,9659,17475,0.8782339796024686,110.89734335229558,1,0.3483356774496015,238.42189496772312,9659,201.709153434671,96.46360974267189,1465.2346314604056,0.5527324749642346,1.3610650932366202,0.47823119625512805,0.05653633873650274,0.2044794690999585,0.0030070510161758607,0.010265450020738283,0.0,0.0,0.005599336374948154,0.7766486934881792,53687.0,0.16689328887812693,0.732896231862462,0.0,0.00195578072904055,0.09747238623875426,0.09218246502877792,0.0005401680108778661,0.03537169147093337,0.00029802373013951234,0.0,0.0009126976735522566,0.8706949540857191,128193.0,0.23739985802656932,0.6320781945972089,3.900368974905026e-05,0.004204597754947618,0.1259507149376331,0.11059886265240691,0.0016927601351087813,0.030758309736101035,0.0004914464908380333,0.0,0.000748870843181765,0.8557097501423635
TUMOR.4726,4726,TUMOR,61445,131976,0.6757223457043282,279.70377871285916,-8,0.3446003544428741,488.57445696638706,62441,440.3902810874501,324.6364405561953,7019.314246905233,0.46557707461962783,1.4591705452772261,0.7371562327728366,0.015671372768700582,0.22661782661782662,0.0012372812372812372,0.011998371998371999,0.0003093203093203093,0.0,0.0007651607651607651,0.759072039072039,153994.0,0.12671922282686338,0.7038715794121849,1.298751899424653e-05,0.004798888268374092,0.16442848422665818,0.07017805888541112,0.0011429016714936946,0.03981973323635986,0.0010195202410483526,0.0,0.0009351013675857501,0.8869046845981012,284516.0,0.14398838729632077,0.6458265967467559,3.16326674071054e-05,0.005641159020933796,0.20438920833977703,0.07789368611958554,0.0010298190611424314,0.03824740963601344,0.0009560095038591855,0.0,0.0011879823981779585,0.8806850932812215
TUMOR.4766,4766,TUMOR,5739,11815,0.785484690605427,85.48170416665252,1,0.31314454084138155,151.08275877809487,5739,146.44715712723848,90.63337590670133,935.4873734152916,0.48573846804909016,1.2838284748589486,0.6188810877902932,0.08240816214071563,0.17805346846059758,0.0036694041586580466,0.01869648785601957,0.001397868250917351,0.0,0.0024462694391053645,0.7957365018347021,43897.0,0.1278219468300795,0.564958881016926,0.0,0.019454632435018337,0.2863977037155159,0.06936692712486046,0.00036448960065608126,0.04793038248627469,0.002278060004100508,0.0,0.003758799006765838,0.8763013417773424,109402.0,0.11030876949233104,0.529807498948831,3.656240288111735e-05,0.013857150691943475,0.2653333577082686,0.06326209758505329,0.0006489826511398329,0.041534889672949306,0.0018006983418950293,0.0,0.0031078042448949746,0.8119687025831338
TUMOR.4815,4815,TUMOR,13155,23789,0.73972798226308,129.4197288321648,0,0.45590019060821346,218.44221203787512,13155,213.55805683887974,143.70450214648014,1639.0752518939717,0.5529866745134305,1.2992158910442604,0.672906020375054,0.06153226906515772,0.20658135283363802,0.002437538086532602,0.02262340036563071,0.002970749542961609,0.0,0.0032754418037781842,0.7621115173674589,59507.0,0.10914682306283294,0.5031508898112828,0.00013443796528139548,0.02024971852051019,0.3600752852605576,0.06009377048078377,0.0005713613524459308,0.04538961802813114,0.0011091132135715126,0.0,0.004369233871645352,0.8884669030534222,135930.0,0.12263665121753844,0.46273081733245053,6.621054954756124e-05,0.03322298241742073,0.3728978150518649,0.06418009269476936,0.0006988891341131464,0.037754726697564925,0.0012432869859486501,0.0,0.0035900831310233207,0.8925329213565806
TUMOR.4862,4862,TUMOR,8187,12946,0.8863731835107493,102.09805165989593,1,0.34870943010477895,196.84765683136794,8187,176.12941410466567,81.54289328636035,899.0853531617382,0.6323961069056079,1.23496516905411,0.4629714673206324,0.12727198246439494,0.10876503805548736,0.0,0.0024551927326295114,0.0003682789098944267,0.0,0.0,0.8884114903019887,46462.0,0.056626920924626574,0.11168266540398605,0.0,0.0023244802203951616,0.6674271447634627,0.016637251947828332,0.0,0.005380741250914726,0.00023675261504024794,0.0,0.00034436744005854244,0.8156988506736688,115761.0,0.04771900726496834,0.09440139597964772,0.0,0.0018572749026010487,0.6036920897366125,0.014564490631559852,0.0,0.006228349789652819,9.50233671098211e-05,0.0,0.00013821580670519433,0.7269114814142933
TUMOR.4895,4895,TUMOR,5532,11150,0.9477007563299669,83.925926634592,1,0.4074237737516571,187.29922583929704,5532,215.90646200623675,68.9087642030303,843.9137802864844,0.49614349775784755,1.2665330904734122,0.31916026765812955,0.09761035187601602,0.1704174228675136,0.0,0.007622504537205082,0.0014519056261343012,0.0,0.0,0.820508166969147,45638.0,0.0611113545729436,0.10811166133485253,0.0002848503440115693,0.001533809544677681,0.8289583242035146,0.023357728208948682,0.0,0.011350190630614838,0.0026512993557999912,0.0,0.0002629387790876024,0.9623778430255489,112630.0,0.11210157151735772,0.13009855278345023,0.0005060818609606677,0.0013761875166474296,0.755917606321584,0.042537512208115066,0.0,0.011693154576933321,0.00244162301340673,5.3271774837965015e-05,0.0002574802450501643,0.9430169581816568
TUMOR.4951,4951,TUMOR,109248,270367,0.9899376405852611,372.9596141450533,-6,0.16754183638415862,1228.6435610053877,110733,1421.3814271135266,201.131588065361,11240.61507501237,0.4040729822796421,1.3692729337212521,0.141504302946894,0.010865337152089252,0.20412705390998517,0.0009067428697037974,0.014626953160777417,0.000650290340898683,0.0,0.001117400304079427,0.7785715594145555,255029.0,0.06974108826839301,0.4048245493649742,0.0,0.010849746499417712,0.4712758156915488,0.045602656952738706,0.00010194919009210717,0.03779570166530081,0.0015723702010359607,0.0,0.003795646769583067,0.8716616541648204,476820.0,0.07084224655006081,0.3748039092319953,0.0,0.014149993708317604,0.43652321630804075,0.04454930581770899,0.00023488947611257916,0.03389539029403129,0.001354808942577912,0.0,0.00298435468310893,0.8160039427876348
TUMOR.4963,4963,TUMOR,6246,11754,0.8581235697118335,89.17765525296024,0,0.32751297781972627,168.8342382338369,6246,156.87148951439045,80.54460254069546,750.0731598529186,0.5313935681470138,1.174096752472372,0.5134432189687775,0.13950976060485426,0.15831727681438665,0.0,0.004174694926140013,0.001445086705202312,0.0,0.0,0.8360629415542711,44152.0,0.1555308932777677,0.12774053270520022,0.0003170864287008516,0.0008153651023736184,0.7155961224859576,0.055558072114513496,0.0001358941837289364,0.008380141329951078,0.0016533792353687262,9.05961224859576e-05,0.0001811922449719152,0.9340007247689799,110309.0,0.182423918265962,0.21089847609895837,0.0005983192667869349,0.0015955180447651597,0.6044837683235276,0.06474539702109529,0.0001813088687233136,0.013797604909844165,0.0029281382298815147,5.439266061699408e-05,0.0005529920496061065,0.9177401662602326
TUMOR.5037,5037,TUMOR,6238,13531,0.9409450873493251,89.1205267043342,1,0.3320557862237837,203.66639388961548,6238,222.77982268380558,75.42416206062185,1036.1330803764909,0.4610154460128594,1.2252321118784752,0.33855921578531994,0.07301702857206631,0.12540192926045016,0.0,0.0012861736334405145,0.0,0.0,0.0006430868167202572,0.872668810289389,49504.0,0.06565126050420168,0.18125808015513897,0.0,0.004545087265675501,0.7484445701357466,0.020119586296056886,0.0,0.009675985778926956,0.00022220426632191338,0.0,0.00024240465416936006,0.9697398190045249,119135.0,0.0953288286397784,0.1645947874260293,0.0,0.00426407017249339,0.7357619507281655,0.02653292483317245,0.0,0.008158811432408613,0.00012590758383346624,0.0,0.00022663365090023924,0.9649557224996852
TUMOR.5061,5061,TUMOR,4645,7378,0.9172264213785363,76.90382100581759,1,0.32810623719714627,150.08331019803634,4645,146.14702385143784,58.22004602007303,710.7594513539336,0.629574410409325,1.225699096839473,0.3983662785993862,0.11554477080545451,0.21380798274002158,0.0012944983818770227,0.009924487594390506,0.006040992448759439,0.0,0.0008629989212513484,0.7680690399137001,37872.0,0.09233734685255598,0.6582699619771863,0.003353400929446557,0.005412970004224757,0.24004541613857203,0.04404309252217997,0.0014258555133079848,0.050670680185889314,0.006152302492606675,0.0,0.0015842839036755386,0.8961237853823405,100448.0,0.1386090315387066,0.5928440586173941,0.0033649251353934373,0.004688993309971329,0.2602739726027397,0.05759198789423383,0.0009656737814590634,0.04601385791653393,0.006610385473080599,0.0001294201975151322,0.0012842465753424657,0.887404428161835
TUMOR.5134,5134,TUMOR,16260,28480,0.6856940990817931,143.88493665910184,-1,0.3611407249466951,225.39077177204928,16260,210.73620835450473,153.39274256523254,1693.442784262119,0.5709269662921348,1.2901995048330404,0.7278898285347914,0.07125073512729045,0.1788793103448276,0.00036945812807881776,0.007266009852216749,0.003017241379310345,0.0,0.0,0.8104679802955665,63172.0,0.0811435446083708,0.20713290698410688,0.0,0.000854809092635978,0.7108687393148864,0.031627936427531186,0.0,0.014832520737035395,0.0010605964667890838,0.0,0.0006648515164946495,0.9518140948521497,144323.0,0.1339426148292372,0.21631340811928798,8.314683037353714e-05,0.0013649937986322347,0.648295836422469,0.049257568093789623,0.0,0.012063219306694012,0.0015659319720349493,0.0,0.0004919520797100947,0.9366213285477714
TUMOR.5358,5358,TUMOR,4314,7474,0.9741690430558927,74.11312566602149,1,0.280859375,179.3599732381782,4314,180.47238727376754,40.75427575350744,664.7117241391813,0.5772009633395772,1.3175886283983438,0.22582000697804952,0.12269400047453857,0.2398884239888424,0.0,0.014644351464435146,0.0,0.0,0.00302185030218503,0.7424453742445374,39963.0,0.047819232790331054,0.718289417711383,0.0,0.002277106323349098,0.23153917373570554,0.03207967369817081,0.0005254860746190226,0.05580161649525811,0.0004754397817981633,0.0,0.0001000925856417186,0.9110176913645122,103908.0,0.08570081225699658,0.6815837086653578,0.0,0.0019055318166069984,0.2305789737075105,0.04919736690148978,0.0005389382915656157,0.052960311044385415,0.0006255533741386611,0.0,0.0004330754128652269,0.8962447549755553
TUMOR.5596,5596,TUMOR,27390,52849,0.7679183075923548,186.74589990223643,-2,0.35523448848308775,325.48425461149424,28144,302.505654163244,193.76932861236156,3796.2409075835644,0.5182690306344491,1.4147331667312508,0.640547791241601,0.023883301809690283,0.19657401658205192,0.00025567040432448226,0.010044194455604661,0.0005843894955988166,0.0,0.00018262171737463018,0.7923591073450454,89311.0,0.09662863477063295,0.6967898691090683,0.0,0.0013772099741353248,0.20482359395819105,0.05396871605961192,4.4787316232043085e-05,0.033736045951786454,0.000537447794784517,0.0,0.0004926604785524739,0.9112203423990326,185058.0,0.18247792583946654,0.58563261247825,0.0024803034724248615,0.003371915831793276,0.20919387435290557,0.08080169460385393,7.565195776459272e-05,0.026510607485220848,0.0030693080007349045,0.00010807422537798961,0.0014049649299138647,0.8718780058143933
TUMOR.5661,5661,TUMOR,45717,106873,0.8278729444631654,241.26477626594695,-9,0.3558740191804708,463.0010799123475,45717,463.29617078097885,259.87008161846785,5855.358836058405,0.42776940855033546,1.403972121690067,0.5609156690857267,0.01675639375867787,0.14766436932501914,0.00045946832950443056,0.005469861065528936,8.751777704846296e-05,0.0,0.00045946832950443056,0.8458593151733946,138887.0,0.0781714631318986,0.40702873559080405,0.0,0.004384859634091023,0.510407741545285,0.035071676974806856,2.880039168532692e-05,0.011347354324018807,0.00038880528775191343,0.0,0.0003600048960665865,0.9528033581256705,260290.0,0.12204080064543393,0.3686541933996696,0.0,0.006077836259556648,0.5032002766145454,0.04646740174420838,3.8418686849283494e-05,0.011306619539744132,0.00035345191901340814,0.0,0.0005032847977256138,0.9413308233124592
TUMOR.5697,5697,TUMOR,17650,38991,0.5766302744369634,149.9088988838742,-3,0.310455217054809,280.0321410124202,17650,234.25438867957232,191.38705794272622,2596.4154390516487,0.452668564540535,1.4170126352313628,0.817005218222474,0.03290078104204299,0.16548557174442996,0.0005669255626736209,0.006746414195816089,0.00028346278133681047,0.0,0.00034015533760417256,0.8265774703781393,77223.0,0.13157996969814692,0.5024021340792251,0.0,0.001722284811519884,0.3642956114111081,0.053416728176838506,0.0,0.01788327311811248,0.0005827279437473292,0.0,0.00032373774652629396,0.9277935330147754,166464.0,0.15146818531334102,0.5075692041522492,1.8021914648212227e-05,0.0025170607458669743,0.33842752787389463,0.06096813725490196,4.805843906189927e-05,0.019691945405613226,0.0006367743175701654,0.0,0.0002763360246059208,0.9183787485582469
TUMOR.5715,5715,TUMOR,11845,25502,0.8610602468426034,122.80685000189526,0,0.3039049671592775,241.66505746590673,11845,259.4385751417052,131.92528109637544,1544.8803384216048,0.46447337463728333,1.2847054241230298,0.5085029511294453,0.062367055024313264,0.12243346007604562,0.0,0.0045627376425855515,0.00033798056611744826,0.0,0.0008449514152936206,0.8718208702999578,63041.0,0.09324090671150521,0.14017861391792644,0.0,0.009692105137926111,0.7568249234625085,0.026316206912961406,0.0,0.004647768912295173,6.34507701337225e-05,0.0,0.0011897019400072969,0.9677828714646024,143085.0,0.11672083027571024,0.17445574308977183,0.0,0.009567739455568368,0.6992137540622707,0.036230212810567146,0.0,0.005584093371073138,5.591082223852955e-05,0.0,0.001160149561449488,0.9569696334346717
TUMOR.5730,5730,TUMOR,16375,36187,0.5264289306158402,144.39285835884783,-1,0.3020771841794569,259.0829982843336,19178,223.70724932741948,190.2001844755951,2376.3738084913066,0.45251057009423273,1.4062016708182468,0.8502191370527148,0.036438597970094536,0.12425131402029092,0.0,0.0015890477936682558,0.0002444688913335778,0.0,0.0029336266960029336,0.8709815425987043,74451.0,0.0993270741830197,0.17847980550966408,0.0,0.010073739775154128,0.712065653920028,0.03143006809848088,0.0,0.007145639413842662,0.00012088487730184954,0.0,0.000832762488079408,0.9604706451222952,160247.0,0.13818043395508184,0.25762104750790965,0.0,0.011663244865738517,0.5924853507397955,0.04176677254488383,0.0,0.008518100182842736,0.0001372880615549745,0.0,0.0007738054378553108,0.9488040337728632
TUMOR.5849,5849,TUMOR,12626,27324,0.8894773048794171,126.79086123150266,0,0.2707582775776291,281.4480413859723,12626,257.5332348958331,117.68736965999227,1815.9635995422902,0.4620846142585273,1.3158999724367177,0.45697934756884634,0.04811288186841919,0.13054850982878885,0.0,0.003804692454026633,0.0,0.0,0.0011097019657577679,0.8645370957514268,67819.0,0.13130538639614267,0.21883248057329066,0.0,0.015733054158864036,0.6340848434804406,0.03826361344166089,0.0,0.009053510078296642,0.0003538831300962857,0.0,0.0009731786077647857,0.9513558147421814,151537.0,0.15365224334650943,0.24606531738123363,0.0,0.01257778628321796,0.5876188653596152,0.04890554782000436,0.0,0.009166078251516132,0.00027716003352316594,0.0,0.0011218382309271004,0.9405293756640293
TUMOR.5854,5854,TUMOR,35936,65728,0.9750523046073204,213.9045027099776,-3,0.4019641838458183,533.4566524095468,35936,567.9853674414886,126.0786832735175,4664.50898090885,0.5467380720545277,1.380536386717619,0.2219752312307686,0.02075523865144211,0.18709060751735965,0.0003373534620899047,0.012819431559416379,0.0009277220207472379,0.0,0.001461865002389587,0.7973630204379972,111261.0,0.11098228489767303,0.39094561436622,0.0,0.0035951501424578243,0.2625268512776265,0.05583268171237001,5.392725213686737e-05,0.026055850657463082,0.0012403267991479493,0.0,0.0015279388105445754,0.6845165871239698,228793.0,0.13021814478589816,0.3582190014554641,4.37076309152815e-05,0.003916203730009222,0.22939513009576343,0.06170206256310289,0.00018357204984418229,0.024152836843784557,0.0009571971170446648,0.0,0.0010970615359735655,0.6343113644211142
TUMOR.6021,6021,TUMOR,4308,6539,0.6806706060580285,74.06156870279673,0,0.5171668667466987,112.37882362794157,4308,99.66007547578982,73.00993510224487,630.8183258569795,0.6588163327725952,1.2907733543754696,0.7325896027439894,0.1360432365951809,0.21450221496852412,0.0,0.0018652366519002097,0.0,0.0,0.0,0.7836325483795756,34092.0,0.13070515076850875,0.7347178223630177,0.0,0.0026105831280065703,0.13173178458289334,0.07092573037662794,0.0,0.027865774961867887,0.0,0.0,0.0001466619734835152,0.9010618326880206,92265.0,0.16786430390722376,0.6933398363409744,0.0,0.0040860564677830166,0.1345797431311982,0.07815531349916002,0.0,0.026543109521487022,0.000292635343846529,0.0,0.00021676692136779927,0.8947921747141386
TUMOR.6056,6056,TUMOR,15521,39188,0.3703780747494676,140.577206451951,0,0.26895751022388575,289.3734611190183,15521,231.40907281611072,214.95151209043797,2539.989032180456,0.39606512197611515,1.4296540336142118,0.9288810912839587,0.03023193048544405,0.13636950070958587,0.0,0.0036124371048896916,0.0,0.0,0.0016126951361114695,0.858405367049413,79298.0,0.1592978385331282,0.31680496355519683,0.0,0.013758228454689905,0.5100506948472849,0.05802163989003506,0.0,0.013733007137632727,0.00039093041438623924,0.0,0.0007818608287724785,0.9270725617291735,170318.0,0.21213259902065548,0.3205944175013798,0.0,0.017367512535375003,0.44986437135241136,0.07236463556406252,4.697096020385397e-05,0.01069176481640226,0.00037576768163083174,0.0,0.0007397926232107,0.9157810683544898
TUMOR.6071,6071,TUMOR,317869,940071,0.8771476776546087,636.1787334117838,-48,0.22306956533333522,1641.4326059878304,336598,1550.0017442932565,744.3429724757746,25289.69349575989,0.33813297080752414,1.398327350536133,0.48022073214838057,0.00624555314139661,0.1941846592608215,6.295702868007442e-05,0.004240155881603012,0.00021090604607824928,0.0,0.0010199038646172055,0.8002814179182,468281.0,0.09286091043625515,0.3712407721005123,1.4948289595349801e-05,0.060344109626484954,0.393673883843248,0.0419555779542625,0.0,0.012838445292463287,0.0003950619393056733,0.0,0.004352087742188985,0.9099942128764567,834634.0,0.11294172056254598,0.33303340146699034,2.2764469216446968e-05,0.060194049128120826,0.3745210475489855,0.047184754035900764,0.0,0.010920954574100743,0.00031151378927769536,0.0,0.004107189498630538,0.8729011758447415
TUMOR.6106,6106,TUMOR,5326,7669,0.8826846822522715,82.34849006059234,1,0.4392215075045357,149.0,5326,140.45508280936977,66.00907019641372,502.73506473629425,0.6944842873907942,1.1461639311549272,0.469965692064013,0.2648089573069489,0.0798076923076923,0.0,0.001346153846153846,0.0007692307692307692,0.0,0.055384615384615386,0.8626923076923076,37720.0,0.08777836691410393,0.016383881230116647,2.6511134676564155e-05,0.007635206786850477,0.5392364793213149,0.014130434782608696,0.0,0.0005302226935312832,2.6511134676564155e-05,0.0,0.009199363732767762,0.6288706256627784,99936.0,0.06694284341978866,0.018291706692283062,1.0006404098623118e-05,0.007184598142811399,0.3378162023695165,0.01087696125520333,0.0,0.00046029458853666345,3.0019212295869356e-05,0.0,0.006534181876400896,0.4158461415305796
TUMOR.6111,6111,TUMOR,9183,18609,0.5799327723005909,108.13028594849362,0,0.32357293868921777,181.19878586789702,9183,173.7430250292836,141.54224604135547,1295.5483399593904,0.4934709011768499,1.2691209087427646,0.8146643355467028,0.068752295663526,0.14352710219216927,0.0007634420329370705,0.004580652197622424,0.0,0.0,0.0,0.8511288035772713,53417.0,0.12123481288728308,0.19413295392852462,0.0,0.010165303180635379,0.6744482093715484,0.04034296197839639,0.0,0.009790890540464645,0.00033697137615365893,0.0,0.002003107624913417,0.9475260684800719,125476.0,0.15514520705154772,0.2575711689884918,0.0,0.01236889923172559,0.5747951799547324,0.052137460550224744,6.375721253466799e-05,0.008129044598170168,0.0003984825783416749,0.0,0.0016417482227677005,0.9376295068379611
TUMOR.6113,6113,TUMOR,5224,8665,0.7005296086649869,81.55613638284056,0,0.46164722516790385,126.92123541787639,5224,118.6835356720055,84.6953407958887,889.6295090390225,0.6028851702250433,1.406114701996215,0.7136233371910424,0.08294585194965073,0.13888356032994437,0.0,0.002301937464032227,0.0007673124880107424,0.0,0.0028774218300402837,0.8551697678879724,37773.0,0.14084134169909723,0.20943531093638312,0.0,0.013554655441717628,0.6361422179863924,0.05045932279670664,0.00018531755486723322,0.005983109628570672,0.00010589574563841897,0.0,0.0011648532020226087,0.9421015010721944,98433.0,0.15759958550486117,0.1748702162892526,8.127355663243018e-05,0.011337661150224011,0.6560807859152926,0.04678309103654262,0.00010159194579053772,0.005618034602216737,0.00025397986447634434,0.0,0.0014934016031209047,0.9457499009478528
TUMOR.6115,6115,TUMOR,64066,133468,0.4763749706859836,285.6070108960964,-3,0.31017187121762285,472.39178655010505,64066,440.64735902252295,387.4357636558778,7122.979289850187,0.48001018970839454,1.4568369132150913,0.8792422233400352,0.015867704720333338,0.19753645361726044,0.00042151934305429794,0.0045274299809535705,0.00021856558528741374,0.0,0.0002029537577668842,0.7970930777156774,152581.0,0.15824381803763246,0.5817238057163081,0.0,0.017013913921130417,0.24269732142271974,0.06576179209731224,3.9323375780732855e-05,0.016404401596529058,0.00015729350312293142,0.0,0.0006750512842359141,0.9169621381430191,285815.0,0.20673162710144674,0.5313192099784826,0.0,0.01719293948883019,0.24453929989678638,0.08118888091947589,0.00015394573412871962,0.014866259643475675,0.00020992600108461767,0.0,0.0006052866364606477,0.9029757010653745
TUMOR.6120,6120,TUMOR,4738,9944,0.6352430758408022,77.66987165532849,-1,0.3044791465844097,141.39660533407442,4738,141.6943865209649,109.4323125850849,845.2691193458118,0.4764682220434433,1.2355277347178857,0.7723122649526659,0.08333259661214408,0.1335456475583864,0.0,0.00148619957537155,0.0,0.0,0.0012738853503184713,0.8636942675159236,42329.0,0.055871860899147155,0.09799428287934986,0.0,0.009308039405608448,0.6423728413144653,0.016891492829974722,0.0,0.004654019702804224,0.0,0.0,0.0003779914479434903,0.7836707694488412,106277.0,0.05962720061725491,0.07938688521505123,7.5274988943986e-05,0.007141714576060672,0.5575524337344863,0.018094225467410633,0.0,0.002756946470073487,0.00014114060426997376,0.0,0.0003669655711019317,0.6824430497661771
TUMOR.6150,6150,TUMOR,14917,29686,0.7747507010326818,137.81478254822457,-2,0.3335644007155635,264.0378760708395,14917,239.79008890246206,151.6113206901072,2262.989032180456,0.5024927575288014,1.360844368591795,0.6322668354811661,0.03660382375130774,0.2097986577181208,0.0,0.005838926174496644,0.0,0.0,0.00013422818791946307,0.7842281879194631,67351.0,0.2042137458983534,0.6382236343929563,0.0,0.00538967498626598,0.15169782185862124,0.08880343276269098,0.0001187807159507654,0.021766566197977757,0.00025240902139537645,0.0,0.0004157325058276789,0.8886430787961574,148773.0,0.2368104427550698,0.6011507464392061,0.0,0.0038649486129875717,0.15762940856203747,0.09730260195062276,5.377319809374013e-05,0.021119423551316435,0.00023525774166011304,0.0,0.0003226391885624408,0.8809663043697445
TUMOR.6162,6162,TUMOR,15798,30414,0.6981527356379374,141.82608479305244,-3,0.41176010634138716,245.70307283385773,16500,227.55565663748214,162.9182109833315,2087.3910524340095,0.5194318405997238,1.3888584211508002,0.7159488513303616,0.045562163525933355,0.08295606707900274,0.0,0.00248676911305235,0.00012752662118217177,0.0,0.058343429190843586,0.8560862079959192,67625.0,0.0661293900184843,0.037855822550831794,0.0001478743068391867,0.008709796672828096,0.6223881700554529,0.012199630314232901,0.0,0.0027060998151571163,0.0005767097966728281,0.0,0.008606284658040666,0.7155046210720887,148980.0,0.03950865888038663,0.027963485031547858,8.726003490401397e-05,0.004705329574439522,0.5008726003490401,0.008014498590414821,0.0,0.0034434152235199357,0.000342327829238824,0.0,0.005698751510269835,0.5587797019734192
TUMOR.6173,6173,TUMOR,27935,45087,0.8701704476312253,188.59466239047373,-2,0.3930963638410447,349.8185243808567,28525,307.59922345483614,151.5697762864889,2369.267206773508,0.6195799232594761,1.3076632369701209,0.49275084177429146,0.06253605097925953,0.2219754236377315,0.0,0.004334897717909218,0.0003940816107190198,0.0,0.0002866048077956508,0.7730089922258446,79380.0,0.1879692617787856,0.7019148400100781,0.0,0.0057193247669438145,0.10297304106827916,0.0798437893675989,0.00010078105316200554,0.022436381960191484,0.00011337868480725624,0.0,0.00040312421264802217,0.8971025447215923,173016.0,0.22884588708558745,0.6552341979932492,0.0,0.004479354510565497,0.11071808387663569,0.0921359874231285,4.623849817357932e-05,0.020027049521431545,0.00011559624543394831,0.0,0.0004912840430942803,0.8871838442687382
TUMOR.6220,6220,TUMOR,42530,111715,0.8031150745086241,232.7034117446207,0,0.27810109200287714,468.64592177890546,50655,505.7489083118705,301.33731128386535,5130.453244467383,0.3807008906592669,1.3918580059745915,0.5958239480727567,0.02030456915360312,0.15312299693754006,0.0014243999715120006,0.003988319920233602,0.0003086199938276001,0.0,0.017567599648648007,0.8235880635282388,141059.0,0.09576843732055382,0.10078052446139558,0.0001063384824789627,0.06582352065447791,0.419937756541589,0.02706668840697864,0.0005529601088906061,0.0025450343473298405,0.0004040862334200583,0.0,0.006635521306687273,0.6647927462976485,270670.0,0.08955554734547604,0.08428713932094432,5.541803672368567e-05,0.049754313370524994,0.4038127609265896,0.02331621531754535,0.0004876787231684339,0.0016403738870210958,0.0002992573983079026,0.0,0.005209295452026453,0.6133335796357188
TUMOR.6234,6234,TUMOR,9833,17543,0.7844218793044133,111.89175324116096,0,0.3656069901468674,192.85486771144772,9833,179.06006022116043,111.05799710386546,1319.636651713959,0.5605084649147808,1.25473719427689,0.6202276318163618,0.0709556797361533,0.15839869613935012,0.0,0.004991341550371804,0.0009167770194560456,0.0,0.0,0.835693185290822,51694.0,0.17125778620342785,0.45918288389368206,0.0,0.026985723681665182,0.3425736062212249,0.06348899291987464,0.00015475683831779317,0.01711997523890587,0.0001741014431075173,0.0,0.0009091964251170348,0.9181529771346771,123226.0,0.20421015045526106,0.4119909759304043,0.0,0.027997338224076088,0.3557609595377599,0.06941716845470923,0.0003327219904890202,0.012797623878077678,0.00015418823949491179,0.0,0.000981935630467596,0.9163163618067616
TUMOR.6271,6271,TUMOR,5802,9088,0.8074983376644893,85.94961220711478,1,0.4126306806059313,144.01388821915754,5802,136.57467970226529,80.56128521968968,854.0731598529185,0.6384242957746479,1.3000693978324045,0.5898698455329671,0.09995336986081514,0.1772020725388601,0.0,0.006735751295336788,0.0,0.0,0.0003454231433506045,0.8157167530224525,39361.0,0.21635629176088006,0.6193440207311806,0.0,0.005970376768882905,0.15629684205177713,0.09364599476639313,0.0,0.017403013134828893,0.0,0.0,0.0005081171718198217,0.8884428749269582,102083.0,0.31879940832459863,0.5302156088672942,0.0,0.0043004222054602624,0.14589108862396286,0.12814082658229087,9.795950354123605e-06,0.014899640488622004,0.00023510280849896653,0.0,0.0003428582623943262,0.8563717759078397
TUMOR.6319,6319,TUMOR,4265,9659,0.9597646574159446,73.69102155822966,-1,0.2804076265614727,195.0922858546693,4265,199.47386423908915,56.01338430641192,857.7300141024109,0.44155709700797185,1.2040803409847571,0.2808056309536087,0.07284968609395774,0.14174894217207334,0.0,0.0021156558533145277,0.0,0.0,0.0,0.8561354019746121,44235.0,0.10602464112128406,0.2253419238159828,0.00018085226630496214,0.01177800384311066,0.6562450548208433,0.03553747032892506,0.00018085226630496214,0.006578501186842997,0.0005651633322030067,0.0,0.0009720809313891715,0.9561659319543349,111438.0,0.10226314183671638,0.26654283099122383,7.178879735817226e-05,0.009117177264487877,0.5841185233044384,0.034808593119043774,0.0001704983937256591,0.0076814013173244315,0.0003140759884420036,0.0,0.000825571169618981,0.9185825301961629
TUMOR.6366,6366,TUMOR,10430,19279,0.8573773342964414,115.2383983383479,1,0.31786182305793437,230.7899477880265,10430,222.59351256587587,114.56628965135187,1348.305699272271,0.5410031640645262,1.349121307012377,0.5146883587519036,0.0720970395180539,0.1768883770035512,0.0013436990114214415,0.005662731548133218,0.0,0.0,0.0012477205106056243,0.8148574719262885,55436.0,0.16749043942564398,0.6434807706183707,0.0,0.03396709719315968,0.1550616927628256,0.0735803449022296,0.0005772422252687784,0.01845371238906126,7.21552781585973e-05,0.0,0.0004690093080308825,0.9068475358972509,130676.0,0.20461293581070739,0.5475221157672411,0.0,0.029133123144265204,0.21868591019008846,0.0802672258104013,0.0004361933331292663,0.013766873794728948,0.00023722795310539044,0.0,0.000558633566990113,0.9047338455416449
TUMOR.6380,6380,TUMOR,16371,30782,0.9142685684925937,144.37522151276286,-4,0.42867242733699923,293.2319900692965,17090,305.27232520013666,123.66844686999785,1950.8225099390854,0.5318367877330907,1.3533047811453385,0.4051086084823469,0.05405670329302696,0.14580246913580247,0.0,0.004691358024691358,0.0,0.0,0.02462962962962963,0.8248765432098766,70807.0,0.06502181987656587,0.026452186930670696,0.0001271060770827743,0.0070049571370062284,0.44086036691287583,0.01920714053695256,0.0,0.001030971514115836,0.00018359766689734065,0.0,0.0028387023881819595,0.5210078099622919,157382.0,0.08572136584869934,0.021292142684678043,5.7185701033155e-05,0.007745485506601772,0.34091573369254424,0.024755054580574653,0.0,0.0010166346850338666,0.00010801743528484833,0.0,0.003329478593485913,0.42967429566278226
TUMOR.6480,6480,TUMOR,179319,399950,0.8635680874786554,477.8242793353689,-29,0.280275713314421,1006.4894435611334,190406,986.9757305064181,497.6649897148495,22239.234513575593,0.44835354419302414,1.5575155378525833,0.5042322463790444,0.004556134154126022,0.13750725867691072,0.00037410104078259703,0.007554607584759012,0.0004578550051369098,5.583597623620851e-06,0.015109215169518023,0.8389913789252691,350618.0,0.09454449001477391,0.17955723893239936,3.707738906730402e-05,0.049133244727880485,0.6212259496089761,0.030377790073527314,0.00017683062478252685,0.011953179813928549,0.0007158788196841006,0.0,0.006180515546834447,0.9097821560786953,560240.0,0.13521704983578467,0.19913429958589177,2.8559188919034698e-05,0.048470298443524205,0.5317649578751964,0.04128230758246466,0.0003034413822647437,0.012858774810795373,0.0008317863772668856,0.0,0.006468656290161359,0.8662573182921605
TUMOR.6481,6481,TUMOR,291588,553826,0.8475762648701669,609.312212556286,-47,0.34491618049936834,1162.841347734075,320390,1126.2308899386937,597.6610066224777,27710.208393854402,0.5264974919920697,1.5378429030294443,0.5306736051743451,0.004771994421568943,0.13596434037238095,0.0010637494767038866,0.01384590044677478,0.0012867937218192175,0.0,0.007696742181441346,0.8401424738008798,384090.0,0.07901533494753833,0.39825041006014217,4.165690332994871e-05,0.0159598010882866,0.4511520737327189,0.03281001848525085,0.0003176338878908589,0.03541097138691453,0.001926631779010128,0.0,0.006167825249290531,0.8765992345544014,628896.0,0.0851380832442884,0.36954599806645294,6.360352109092759e-05,0.01362864448175851,0.4115100111942197,0.03429183839617361,0.000276675316745535,0.031960769348191115,0.0014310792245458709,1.5900880272731898e-06,0.005404709204701572,0.8131296748588002
TUMOR.6494,6494,TUMOR,5055,6993,0.906633654695323,80.22609238044845,0,0.5023852116875372,135.35878250043476,5055,144.41597561630573,60.93180527172544,649.9310242291875,0.7228657228657228,1.2093184249299693,0.4219187317171421,0.150382218434039,0.16653449643140364,0.0,0.0033703409992069788,0.0,0.0,0.020023790642347345,0.810071371927042,35863.0,0.2737361626188551,0.047820873881158854,0.0,0.023059978250564647,0.6395170509996375,0.050051585199230406,0.0,0.0016172657056018737,5.576778295178875e-05,0.0,0.012324680032345315,0.9359507012798706,95958.0,0.25731049000604433,0.05183517789032702,3.126367785906334e-05,0.01770566289418287,0.6166030971883533,0.06311094437149586,0.00011463348548323225,0.0038975385064298966,0.00012505471143625337,0.0,0.01198440984597428,0.8769565851726797
TUMOR.6502,6502,TUMOR,40938,86707,0.8184840432905603,228.30654936371863,-3,0.2573033990345937,460.5876680937083,40938,429.89165990170557,246.98533734922208,4363.179074487689,0.47214181092645346,1.3736199191129799,0.5745292602459305,0.027022803933117297,0.1581640146878825,0.003598531211750306,0.00401468788249694,0.0005140758873929008,0.0,0.006438188494492044,0.8272705018359853,120400.0,0.13971760797342192,0.1588953488372093,0.0,0.09692691029900333,0.5082225913621262,0.03926079734219269,0.00042358803986710964,0.004310631229235881,0.0006229235880398671,0.0,0.008222591362126245,0.8626162790697675,239226.0,0.14561962328509442,0.1628251109829199,4.1801476428147444e-05,0.10054091110498023,0.4531071037429042,0.040158678404521246,0.0004347353548527334,0.003611647563391939,0.0006144817034937674,0.0,0.00876576960698252,0.8256376815229114
TUMOR.6505,6505,TUMOR,20207,26324,0.6692090022641833,160.40059688312706,0,0.5535709393748459,234.8297255459794,20207,211.0106855912967,156.79660271730955,1803.4844148224613,0.7676265005318341,1.2980784353447004,0.7430742299989795,0.07807049234827534,0.21248806952328328,0.0,0.007283869995478977,0.010046717235143417,0.0,0.0017079419299743809,0.76847340131612,59135.0,0.003331360446436121,0.24342605901750233,0.0003382091823793016,0.0005073137735689524,0.43755812970322144,0.005377525999830895,0.0,0.01601420478565993,0.0015388517798258223,0.0,0.00013528367295172065,0.6620952058848397,139528.0,0.0016340806146436558,0.13741327905510006,0.00014334040479330315,0.0006593658620491945,0.40542400091737857,0.002845307035147067,0.0,0.00913078378533341,0.0006521988418095293,0.0,5.7336161917321254e-05,0.5325884410297574
TUMOR.6539,6539,TUMOR,48815,109040,0.7384248830984146,249.3054118470896,-6,0.36392169141766567,446.21295364433337,54463,428.87500193921574,289.20574236613805,5719.933475207738,0.44767975055025677,1.4093888370780048,0.6743357413196283,0.018749133526256897,0.1523360655737705,0.0004918032786885246,0.004426229508196721,0.0006147540983606558,0.0,0.0008606557377049181,0.8412704918032787,141456.0,0.09738717339667459,0.42042755344418054,0.00022621875353466802,0.02179476303585567,0.45979668589526074,0.03908635900916186,0.0002050107453907929,0.016351374278927723,0.0008129736455152133,0.0,0.0006574482524601289,0.9428868340685442,263129.0,0.16615804415324803,0.4350147646211554,0.0005320584200145176,0.02835871378677379,0.36959438146308465,0.0633149519817276,0.0003458379730094364,0.013597893048656743,0.0007448817880203246,8.740959757381361e-05,0.000668873442303965,0.9212401521687081
TUMOR.6578,6578,TUMOR,5782,7790,0.7523319737473984,85.80134642101318,1,0.5525611620795107,132.5481044753187,5782,115.10943677995034,75.83227639627353,482.63455967290594,0.7422336328626444,1.1551347783117794,0.6587841841432928,0.3119256706800319,0.13748266296809986,0.0,0.004160887656033287,0.0,0.0,0.0034674063800277394,0.8548890429958391,35698.0,0.1177937139335537,0.18967449156815508,0.0,0.010728892374922964,0.681242646646871,0.030309821278502996,0.0,0.005574541991147964,0.00016807664294918483,0.0,0.001008459857695109,0.9629391002297047,95800.0,0.09567849686847599,0.2445615866388309,0.0,0.009906054279749478,0.6218580375782881,0.028987473903966596,0.00010438413361169103,0.007348643006263048,0.00022964509394572026,0.0,0.0008350730688935282,0.9347599164926931
TUMOR.6580,6580,TUMOR,10262,19782,0.9730034267454845,114.30653615639064,-1,0.25876241867971156,267.1347974338049,10262,294.9315106172654,68.06743977816035,1280.1219330881977,0.5187544232130219,1.232171213616399,0.23079066606244023,0.07869356077967055,0.18996975314664846,0.0,0.002244121377695385,0.0,0.0,0.00039028197872963214,0.8073958434969265,58829.0,0.1347294701592752,0.5762974043413962,0.0,0.03336789678559894,0.25504428088187797,0.06168726308453314,0.00015298577232317393,0.01570653929184586,0.00022097944891125124,0.0,0.00016998419147019327,0.9220622482109164,138806.0,0.21657565234932208,0.5119015028168811,0.0,0.04043773323919715,0.2306240364249384,0.08699191677593188,0.00010806449288935636,0.013198276731553391,0.0002593547829344553,0.0,0.00022333328530466982,0.8992190539313862
TUMOR.6628,6628,TUMOR,4353,5082,0.6883560615451931,74.44737563025417,1,0.6553748870822041,102.17631819555841,4353,90.14556929407772,65.38915851888677,390.69343417595167,0.8565525383707202,1.1997493144389433,0.7253729609890281,0.35836559278920305,0.13202764976958525,0.0,0.0,0.0,0.0,0.007603686635944701,0.8603686635944701,30226.0,0.28329914643022563,0.10649771719711507,3.308409978164494e-05,0.017633825183616753,0.45328525110831736,0.0735459538145967,0.0011248593925759281,0.003473830477072719,0.0002646727982531595,0.0,0.009627473036458677,0.7806193343479124,85658.0,0.2815148614256695,0.10401830535384902,1.1674332811879801e-05,0.029255878026570783,0.406663709169021,0.07649022858343646,0.0009806439561979032,0.003233790188890705,0.00038525298279203345,0.0,0.00701627401993976,0.7397791216231993
TUMOR.6696,6696,TUMOR,25734,39667,0.7060253881799001,181.01255880246177,-6,0.4543833318619228,271.5916051721776,26976,254.02232353534106,179.8951860485348,2803.256059485215,0.6487508508331863,1.461218357751368,0.7081865229199305,0.041152063918083355,0.15739695636943915,0.0,0.0031526096602187367,0.0004670532829953684,0.0,0.0,0.8389833806873468,71251.0,0.09918457284810038,0.34436007915678374,0.0,0.03343110973881069,0.3650194383236727,0.0385398099675794,0.0,0.00922092321511277,0.00014034890738375601,0.0,0.0006877096461804045,0.8182060602658209,158222.0,0.1408211247487707,0.30735295976539295,0.0,0.0296861371996309,0.3068726220121096,0.051724791748303016,0.0,0.006971217656204573,0.00011376420472500663,0.0,0.0005435400892416984,0.7438156514264768
TUMOR.6718,6718,TUMOR,4461,8071,0.8798188428591748,75.36525465400857,1,0.45753846153846156,135.72398461583714,4461,139.36452472267808,66.24123608428795,556.5756851698601,0.5527196134308017,1.1826135321624922,0.47530916649055127,0.1809646003460034,0.11543684925305568,0.0,0.003847894975101856,0.0,0.0,0.0,0.8807152557718425,38447.0,0.06611699222306032,0.07212526334954612,0.0,0.00884334278357219,0.6062631674773065,0.01643821364475772,0.0,0.0035373371134288763,0.0,0.0,0.0007802949514916638,0.7327749889458215,99807.0,0.07774003827386856,0.12636388229282516,0.0,0.006672878655805705,0.5216868556313685,0.02400633222118689,0.0,0.004528740469105373,0.00014027072249441421,0.0,0.001042011081387077,0.7028965904195097
TUMOR.6734,6734,TUMOR,17404,27999,0.5618621141132906,148.8605422419614,-1,0.42249896827130823,225.61028345356956,19070,204.21842622516064,168.93579286959323,1700.9818895055198,0.6215936283438694,1.3042695579772128,0.8272309016980348,0.07558916698372599,0.14735813258207325,0.0009199103087448974,0.005059506698096935,0.0004024607600758926,0.0,0.010751451733455987,0.8355085379175531,61101.0,0.20238621299160406,0.18986595964059508,1.6366344249684947e-05,0.09055498273350682,0.5044270961195397,0.06314135611528453,0.0009001489337326722,0.004042487029672182,0.00027822785224464414,0.0,0.005531824356393512,0.9261059557126725,140953.0,0.20598355480195527,0.17715834356132895,1.4189126872077926e-05,0.1244883046121757,0.41321575276865335,0.05686292593985229,0.0006810780898597405,0.0045334260356288975,0.00041857924272629884,0.0,0.006534092924591885,0.8749937922569935
TUMOR.6858,6858,TUMOR,103002,220654,0.9883984171612099,362.14115975239713,-4,0.32416560449416987,1038.566800932901,107588,1255.402699398987,190.67483761790513,6176.47867710555,0.466803230396911,1.2812173822942243,0.15188340578619836,0.033929200694478176,0.24948465637275874,0.0004861732332464704,0.008294115359184786,0.002012757185640387,0.0002528100812881646,0.00035004472793745867,0.739119443039944,192826.0,0.08478628400734341,0.42818914461742713,0.00012965056579506914,0.010486137761505192,0.38156680115752023,0.030255256033937333,0.0,0.022502152199392198,0.0006015786252891208,0.0,0.000352649538962588,0.8515708462551731,389598.0,0.096527702914286,0.32101807504145297,6.416870723155663e-05,0.00913249041319514,0.39925769639474534,0.03144266654346275,0.0,0.016406655064964398,0.000377311998521553,0.0,0.0002797755635295869,0.777593827483714
TUMOR.6928,6928,TUMOR,4935,7220,0.7903873414726807,79.26813453884246,0,0.4687945283556569,121.69634341261039,4935,122.51477568306218,75.0534605831519,745.5878784786801,0.6835180055401662,1.3242145594010117,0.6126074195108544,0.11155764648720064,0.1813566206336312,0.0,0.005889520714865963,0.0,0.0,0.0012185215272136475,0.8115353371242892,35688.0,0.08980609728760368,0.4342075767765075,0.0,0.04012553239184039,0.30323918403945305,0.04900806993947546,0.0,0.015047074646940148,0.00011208249271463797,0.0,0.00011208249271463797,0.8038836583725623,95378.0,0.14454066975612825,0.3812304724359915,0.0,0.0443288808739961,0.258162259640588,0.05491832498060349,0.0,0.01017006018159324,4.193839250141542e-05,0.0,5.2422990626769275e-05,0.7635094046845184
TUMOR.6947,6947,TUMOR,6152,14439,0.981568810547035,88.50406589084324,0,0.22846108140225788,273.12268305653413,6152,317.2609035058808,60.63143084179372,912.7005768508882,0.4260682872775123,1.0909750249747774,0.1911090530594478,0.09280460802841599,0.16381418092909536,0.0,0.012713936430317848,0.0,0.0,0.0016299918500407497,0.821841890790546,55482.0,0.1966763995530082,0.326610432212249,0.00045059658988500775,0.010778270430049386,0.3140117515590642,0.07272628960744025,0.0,0.019664035182581738,0.0007930499981976136,0.0,0.00028838181752640496,0.7550917414657006,133864.0,0.22258411522141874,0.280284467818084,0.00020169724496503914,0.009024084145102492,0.3093288710930497,0.08076854120600012,0.00011205402498057731,0.015478395983983744,0.000537859319906771,0.0,0.0002838701966174625,0.7242873364011235
TUMOR.7343,7343,TUMOR,29506,59353,0.8963679155955091,193.82519445870733,-3,0.428990985751672,376.07711975072345,29506,403.760715347133,178.99152876109835,3589.6845583974605,0.4971273566626792,1.4126411624084663,0.4433109065779481,0.02877448956654807,0.1396397924227521,0.0,0.006003459620798427,0.00030526065868466574,0.0,0.00030526065868466574,0.8537462266390802,99772.0,0.13163011666599847,0.37334121797698755,0.00041093693621456923,0.004390009221023935,0.4902277191997755,0.048179850058132544,0.00020045704205588741,0.018953213326384156,0.0009822395060738484,3.0068556308383112e-05,8.018281682235497e-05,0.9315739886942228,202228.0,0.22850446031212296,0.3244753446604822,0.000776351444903772,0.008287675297189311,0.4379413335443163,0.0841327610419922,0.0001977965464722986,0.01628854560199379,0.0009840378186996854,0.00012856775520699409,0.00013845758253060902,0.8981298336531044
TUMOR.7349,7349,TUMOR,4434,7091,0.826552700609542,75.13683611488916,-1,0.4173176470588235,125.19584657647394,4434,116.96261771306446,65.83350144594047,634.3746750430835,0.6252996756451841,1.2981450218718993,0.5628593368818473,0.1384566688188141,0.13610671489938955,0.0,0.00926972643002487,0.0009043635541487678,0.0,0.0,0.8537191951164368,35336.0,0.16759112519809827,0.19806995698437854,0.0,0.026743264659270998,0.6074258546524791,0.052156441023319,0.0,0.009310618066561015,0.0,0.0,0.0005093955173194476,0.9380235453928005,94655.0,0.24275526913528075,0.2196608736992235,0.00020072896307643547,0.018107865405947915,0.5191801806560667,0.07624531192224394,0.0001584702340077122,0.013512228619724263,0.000285246421213882,0.0,0.000285246421213882,0.9095134963815963
TUMOR.7397,7397,TUMOR,10250,13848,0.8127112153786346,114.23968370726267,-3,0.49721076885762794,174.72549899771354,10250,161.16676529041214,93.90650688159597,976.399061660723,0.7401790872328134,1.1411907231821659,0.5826666975190729,0.13510736457654135,0.1678874890125989,0.0,0.002734642054888173,0.0,0.0,0.0002929973630237328,0.8290848715694892,44457.0,0.10963402838698068,0.32262635805384976,8.9974582180534e-05,0.0583485165440763,0.4437096520233034,0.044514924533819195,0.0,0.017590030816294396,0.000809771239624806,0.0,0.004341273590210765,0.9327439998200509,111913.0,0.18161428967144122,0.25407235977947157,0.0001519037109183026,0.07295845880282005,0.4199958896642928,0.06415697908196545,0.0,0.012214845460312922,0.0004289045955340309,0.0,0.006907151090579289,0.9162921197716083
TUMOR.7496,7496,TUMOR,140662,252140,0.9288749417527691,423.1978507052434,-15,0.3588444485262229,955.6411460375699,149807,864.7956175847632,320.31467294535304,11256.149129621885,0.5578726104545094,1.387776996333649,0.3703934969512693,0.013951052579969888,0.1465634309522286,4.265938613143357e-05,0.015705763994056127,0.003697146798057576,1.4219795377144524e-05,0.0099965161501326,0.8239802629240165,214144.0,0.11920483413030485,0.42863213538553496,0.004585699342498506,0.0575640690376569,0.3455338463837418,0.045576808129109386,5.1367304243873284e-05,0.031030521518230724,0.005855872683801554,1.8679019725044828e-05,0.0036097205618649134,0.9138570307830245,403706.0,0.13734004448782033,0.3648026038750972,0.0024795271806710823,0.058790307798249224,0.3579832848657191,0.049511278009244354,3.7155751958108125e-05,0.023232253174339742,0.003579337438631083,9.908200522162167e-06,0.005105200319044057,0.9185248671062605
TUMOR.7544,7544,TUMOR,48798,78191,0.3604105348564179,249.26199731203806,-2,0.4200170423735378,389.5600082143956,48798,300.88211731961684,280.6609692194793,4982.095813367003,0.6240871711578059,1.381260430914573,0.932793785552043,0.024705163694825172,0.1718701953629487,0.002869969865316414,0.017260818761403004,0.0005739939730632828,0.0,0.0018654804124556693,0.8055595416248129,103211.0,0.10783734291887492,0.6091308097005164,9.688889750123533e-06,0.027458313551850095,0.24956642218368197,0.06427609460231952,0.0009398223057619828,0.0426117371210433,0.0026838224607842187,0.0,0.0044084448363062075,0.8850800786737848,211999.0,0.13068929570422502,0.5857008759475281,4.717003382091425e-06,0.04974551766753617,0.2214208557587536,0.06913240156793192,0.000910381652743645,0.03792470719201506,0.00185378232916193,0.0,0.0044009641554913,0.8857777631026561
TUMOR.7564,7564,TUMOR,127583,208863,0.8600593185227782,403.04307565810666,-13,0.40529301888230956,729.7396796118462,135763,645.1414420428025,329.14732511762384,10256.193718775061,0.6108453866888822,1.4371589033781036,0.5101940499673965,0.015241588902101755,0.16908110311525015,0.0,0.009414734333599862,0.00014894250819183795,0.0,0.0014972641612968974,0.8198579558816612,183767.0,0.10302720292544364,0.47615730789532396,1.6325020270233504e-05,0.07511685993676775,0.24742200721565896,0.041628801689095433,0.0,0.024090288245441238,0.0003645921193685482,0.0,0.005131498038276731,0.928784819907818,342100.0,0.14050277696579946,0.4270242619117217,3.507746273019585e-05,0.08353990061385559,0.2671353405437007,0.05134755919321836,0.0,0.01826951183864367,0.0003069277988892137,0.0,0.005004384682841275,0.9250716164864075
TUMOR.7658,7658,TUMOR,132496,267756,0.8425214480855681,410.73001682276663,-30,0.3601139353351743,814.2456631754326,141030,749.7636111846944,403.8697643377133,17225.731270383658,0.49483858438279626,1.5338811550810918,0.5386627975977155,0.005611219991801764,0.15797895626707728,0.0002037951179747294,0.01142762254124964,0.0005057138112706249,0.0,0.002702172304998264,0.8271817399574295,239609.0,0.1117362035649746,0.5223176091048333,1.669386375303098e-05,0.05160073286061876,0.20888614367573838,0.05609972914206061,0.0007637442667011673,0.02787040553568522,0.0012019581902182306,0.0,0.006656678171521103,0.9074074846938137,421144.0,0.11396102045856049,0.49995488479000055,4.511520999943012e-05,0.08279353380316472,0.20245094314533746,0.053625363296164734,0.0006909750584123245,0.025537583344414264,0.0009806621963034021,0.0,0.00924149459567274,0.9099239215090326
TUMOR.7803,7803,TUMOR,14466,26477,0.9479452808245532,135.71544957792707,-1,0.31423916585206907,304.809776746088,14466,319.24570797529316,101.6584532801462,1630.0285706997454,0.54636099255958,1.2518826782633372,0.3184332654771781,0.06841760879313036,0.18826541202518507,0.0,0.003736248529717014,0.0,0.0,0.0,0.8079983394450979,65484.0,0.1449667094252031,0.4172164192779916,0.0,0.0025044285627023395,0.3531396982469,0.061587563374259365,0.0,0.010781259544316168,6.108362348054486e-05,0.0,0.00015270905870136216,0.8457791216174944,149875.0,0.1344253544620517,0.3250442035029191,0.0,0.001414512093411176,0.3584453711426189,0.05398498748957464,0.0,0.010962468723936613,9.341117597998332e-05,0.0,8.006672226855713e-05,0.7544420350291909
TUMOR.7840,7840,TUMOR,10618,18093,0.8422208350310251,116.27234187887487,1,0.404973492505435,205.526154053444,10618,205.06391946567047,110.55666397130774,1520.5483399593904,0.5868567954457525,1.2912114654050568,0.5391326970604203,0.05771013924598455,0.15255357311432077,0.0,0.0037760785424336826,0.0,0.0,0.0002832058906825262,0.843387142452563,51982.0,0.04622754030241237,0.45560001538994266,0.0,0.0006925474202608595,0.4974798968873841,0.026259089684890925,0.0,0.020507098611057675,0.0002500865684275326,0.0,0.00013466199838405601,0.9528490631372398,124672.0,0.07817312628336756,0.4690628208418891,0.0,0.0010427361396303902,0.4430906699178645,0.03779517453798768,0.0,0.017189104209445586,0.00020854722792607803,0.0,0.00010427361396303901,0.9360722535934292
TUMOR.7882,7882,TUMOR,15412,26904,0.8864947803200846,140.08271793286397,1,0.32137122839210125,270.04629232781554,15412,257.7041219467322,119.24964252526993,1680.0874452027915,0.5728516205768659,1.2968299235757126,0.4627385919341989,0.06861279189906423,0.1605299045392558,0.0,0.0027274498344048315,0.0,0.0,0.0,0.8367426456263394,64685.0,0.08057509468964984,0.4295277112158924,0.0,0.001159465100100487,0.48873772899435725,0.03478395300301461,0.0,0.015830563500038648,0.0005410837133802272,0.0,0.0,0.9488443997835665,147277.0,0.1021137041085845,0.3808673452066514,0.0,0.0012968759548334092,0.5157220747299307,0.04037969268792819,0.0,0.014252055650237308,0.0004006056614406866,0.0,4.07395587905783e-05,0.9449269064416033
TUMOR.7967,7967,TUMOR,5338,9331,0.6817441738701627,82.44120747415275,-3,0.4224438113327002,134.3800580443393,5338,126.21580809341478,92.33830527541159,974.2335854398791,0.5720715893259029,1.4245234864917713,0.7315906515217984,0.07067441771076695,0.1317814905199925,0.0,0.00675802515487141,0.0005631687629059508,0.0,0.0,0.8608973155622301,39714.0,0.13342901747494587,0.26897315808027394,0.0,0.0012338218260563025,0.5963640026187239,0.05247519766329254,0.0,0.012388578335095936,0.00032734048446391703,0.0,0.00010072014906582061,0.9347081633680818,102242.0,0.17726570294008334,0.30247843352047105,0.0,0.0020832925803485848,0.5181725709590971,0.06407347274114356,0.0,0.012079184679485926,0.0004694743843039064,0.0,7.824573071731774e-05,0.9232996224643493
TUMOR.7977,7977,TUMOR,19780,40888,0.8214518565884411,158.69681217611625,-2,0.34211982842119826,312.712327867003,19780,293.15794190878717,167.18148624726064,2744.469262920811,0.4837605165329681,1.3666869540938955,0.5702778685056988,0.03300041556649095,0.11935842946771909,0.0,0.006931795183161303,0.0004047763610605141,0.0,0.0010625379477838493,0.8722424610402753,80581.0,0.07015301373772974,0.12965835618818333,0.0,0.013253744679266825,0.7869348853948201,0.02043906131718395,0.0,0.007185316637917127,7.445923977116194e-05,0.0,0.00040952581874139065,0.9718916369863864,170372.0,0.08573591904773085,0.13409480431056747,0.0,0.00895687084732233,0.7712124057943793,0.024393679712628836,0.0,0.008663395393609278,9.97816542624375e-05,0.0,0.0002465193811189632,0.9665966238583805
TUMOR.8019,8019,TUMOR,4828,7233,0.7258192811754546,78.40408485519977,1,0.5225108225108225,120.42009799032718,4828,114.1080634280056,78.49327479748817,766.8954903232548,0.6674961979814737,1.326966318754879,0.6878854345557452,0.10315843800884704,0.18622555139409072,0.0022888056595921765,0.01976695796920516,0.0012484394506866417,0.0,0.00478568456096546,0.7856845609654598,35302.0,0.10384680754631466,0.6844088153645685,0.0,0.009121296243838875,0.20259475383830944,0.07078919041414085,0.0005098861254319868,0.0570222650274772,0.0024077955923177156,0.0,0.0028610277038128152,0.8664098351368195,94414.0,0.1308916050585718,0.6768593640773614,2.118329908699981e-05,0.008600419429321923,0.18355328658885334,0.0782087402292033,0.0005931323744359947,0.05270404812845553,0.0021818798059609805,0.0,0.0025737708390704767,0.8637384286228738
TUMOR.8036,8036,TUMOR,11646,38585,0.954201368510354,121.77088214341599,1,0.16434992450007763,390.5444917035702,11646,469.21584038998697,140.3729969695989,1363.7371567773473,0.3018271348969807,1.270852659465381,0.29916508541767983,0.07869104318078393,0.35679199785656873,0.0031258372778422794,0.005626507100116102,0.0,0.0,0.00446548182548897,0.629990175939984,81565.0,0.028517133574449825,0.3997793171090541,2.4520321216207932e-05,0.0008459510819591737,0.19579476491142034,0.014050144056887145,0.002893397903512536,0.026114142095261448,0.0007110893152700301,0.0,0.0001471219272972476,0.5810457916998713,181389.0,0.030222339833176213,0.40415350434701114,2.7565067341459514e-05,0.000738743804751115,0.1615037295536113,0.014967831566412517,0.003401529309936104,0.02668298518653281,0.0006946396970047798,0.0,6.615616161950284e-05,0.5508327406843855
TUMOR.8072,8072,TUMOR,5587,12057,0.7655230194278004,84.34209705974446,1,0.3168670598911071,156.20819440733575,5587,152.01779265121758,97.80954098898331,1086.7777413171634,0.46338226756241185,1.333139388094288,0.6434085068804604,0.05944386861132596,0.1750044826967904,0.02420656266810113,0.01237224314147391,0.011655011655011656,0.0,0.002151694459386767,0.7746100053792362,46017.0,0.057935110937262314,0.7137362279157703,6.519329812895235e-05,0.001651563552600126,0.22661190429623834,0.034465523610839474,0.002781580720168633,0.045917812982158766,0.0013690592607079992,0.0,0.0011300171675685073,0.9143360062585566,113321.0,0.07057826881160596,0.7135747125422472,0.0017648979447763434,0.004121036701052762,0.20996108400031768,0.03532443236469851,0.004915240776202116,0.049664228166006304,0.002232595900142074,0.0,0.0011560081538285049,0.9067074946391225
TUMOR.8141,8141,TUMOR,9775,15689,0.7525562191235635,111.56126814350138,0,0.4782289628180039,173.4156855650607,9775,163.8958319649009,107.92999571074523,1267.7371567773473,0.6230479954107974,1.318094808205876,0.6585280078010707,0.07643076229723272,0.19016897081413212,0.0,0.010138248847926268,0.002457757296466974,0.0,0.0011264720942140297,0.7961085509472606,47415.0,0.1330802488663925,0.4763049667826637,0.0,0.03874301381419382,0.24218074449014024,0.051270694927765474,0.0,0.029885057471264367,0.00037962670041126223,0.0,0.001855952757566171,0.9166086681429927,116086.0,0.16005375325189947,0.49519321882052963,2.5842909567045123e-05,0.02942645969367538,0.24618817083886085,0.0611098668228727,0.0,0.028909601502334476,0.000422100856261737,0.0,0.0019812897334734593,0.9075771410850576
TUMOR.8196,8196,TUMOR,14894,33433,0.4763931332043683,137.70849566851535,0,0.30668808170661394,242.404620418011,14894,230.30591325430123,202.49241684049355,2125.952452253997,0.4454879909071875,1.386716153208849,0.8792323826132231,0.04141084755258538,0.15855952700886858,0.0002687449610319806,0.011623219564633164,0.0019484009674818597,0.0,0.0013437248051599033,0.8262563826928245,73369.0,0.1668552113290354,0.6236148782183211,0.0005997083236789379,0.020103858577873487,0.18517357467050116,0.06284670637462689,0.0,0.03397892843026346,0.003979882511687498,0.0,0.0025896495795226866,0.8966048331038995,157209.0,0.209326438053801,0.5317316438626287,0.001965536324256245,0.020075186535122035,0.23085828419492524,0.07731109542074563,0.0,0.031079645567365737,0.004102818540923229,0.0,0.003320420586607637,0.8841860198843577
TUMOR.8366,8366,TUMOR,15340,38941,0.939851268080916,139.755123756653,0,0.18706860808272968,381.2033578026301,15340,368.8460988567623,125.99190684378839,2200.462120245875,0.3939292776251252,1.3281503879259706,0.3415839485202637,0.03981139815055641,0.13107587916748223,0.0,0.0031969726626215177,0.0,0.0,0.0,0.8657271481698963,84638.0,0.08591885441527446,0.21147711429854202,0.0,0.001524138094000331,0.7010798931921832,0.028686878234362816,0.0,0.008258701765164583,5.9075119922493444e-05,0.0,0.0,0.96299534488055,181941.0,0.11989601024507945,0.21168950374022347,0.0,0.003435179536223281,0.6649133510313783,0.038886232350047546,0.0,0.008717111591120198,6.0459159837529746e-05,0.0,8.244430886935874e-05,0.9522537525901253
TUMOR.8392,8392,TUMOR,4908,7119,0.9280567375575679,79.05099420981483,1,0.3882297104888467,152.32202729743324,4908,145.3738769593377,54.142878556447215,614.8599564173221,0.6894226717235566,1.1967310329524001,0.37243884313267256,0.16314057856774342,0.18818961994278707,0.0,0.005516959542296689,0.0008173273395995096,0.0,0.0,0.8054760931753168,36801.0,0.10122007554142551,0.44441727126980246,0.0,0.0010597538110377436,0.4533028993777343,0.0458683187956849,0.0,0.014102877639194588,0.00038042444498790793,0.0,0.0,0.9396483791201327,97783.0,0.12082877391775666,0.4036386692983443,0.0,0.001012445926183488,0.47450988413118844,0.04960985038299091,0.0,0.01339701175050878,0.0002352147101234366,0.0,0.00012272071832527127,0.9366352024380517
TUMOR.8451,8451,TUMOR,86502,186887,0.7270740565464735,331.8701057623013,-15,0.2922621581625413,567.1269699106189,90655,611.4386552592633,419.7887365705947,7771.116374840036,0.4628572345856052,1.3450641107635697,0.6865590406491312,0.017999862495679895,0.12115851543531043,0.0,0.005989131691525032,0.002335530119088912,0.0,0.0009018383628165105,0.8696149843912591,191264.0,0.11563075121298311,0.358049606826167,0.005108122804082315,0.012537644303162121,0.5073040404885394,0.03700644135854107,2.0913501756734148e-05,0.021190605655010877,0.005291115944453739,3.137025263510122e-05,0.0018979002844236239,0.9345616530031788,346974.0,0.15939234640059485,0.38517295244024047,0.0029973427403782414,0.015116406416619113,0.43520263766161155,0.05214223544127226,2.8820603272867708e-05,0.02351761227066005,0.003807201692345824,1.7292361963720623e-05,0.00221342233135624,0.9182734152991291
TUMOR.8487,8487,TUMOR,21164,42181,0.8576325229233419,164.1549320756918,-1,0.33997301291524773,317.8238505839359,21164,312.9691372443992,160.9484542595692,2270.604255869606,0.5017424906948627,1.2844873537048542,0.5142630218323532,0.051585152861631185,0.14784170961183868,0.00023639544229587254,0.003073140749846343,0.0007564654153467921,0.0,0.0018438844499078057,0.8462484043307645,82229.0,0.03440392075788347,0.32067761981782583,0.0,0.004925269673716086,0.6399810285908865,0.018484962726045554,0.000547252185968454,0.02359264979508446,0.0004986075472157025,0.0,0.0012404382881951624,0.9556360894574907,172789.0,0.04975432463872122,0.4252701271492977,0.0,0.0035303173234407285,0.5213005457523338,0.028259900803870617,0.0004745672467576061,0.030893170282830503,0.0005845279502746124,0.0,0.0014989380111002436,0.9382888957051664
TUMOR.8535,8535,TUMOR,10454,21300,0.8635633506451411,115.37090708086416,0,0.33301478083588176,218.27734651126764,10454,216.8258874831935,109.3323632973075,1386.2051942088826,0.4907981220657277,1.2525461620465514,0.5042403587799543,0.0683655506371729,0.21887877335888836,0.0,0.004024916147580259,0.0,0.0,0.0,0.7770963104935313,57146.0,0.16566338851363174,0.5576593287369195,0.0,0.0028173450460224686,0.27356245406502644,0.07333846638434886,0.0,0.013719245441500718,0.00022748748818814964,0.0,0.00010499422531760753,0.9126098064606447,133200.0,0.1781006006006006,0.46643393393393395,0.0,0.00259009009009009,0.35245495495495494,0.07322822822822823,0.0,0.01186936936936937,0.00016516516516516518,0.0,0.00015015015015015014,0.9145870870870871
TUMOR.8573,8573,TUMOR,4247,7485,0.793728747373436,73.53535439834526,0,0.44705263157894737,126.75172582651489,5779,131.9660065429421,80.27121041805007,641.0020920410531,0.5674014696058785,1.3063852745671982,0.6082718763784793,0.12988925658783562,0.2545497518317183,0.03261640274166864,0.020326164027416688,0.0007090522335145356,0.0,0.0,0.6917986291656819,36647.0,0.06472562556280187,0.6142931208557317,0.0,0.0015826670668813274,0.2618768248424155,0.02993423745463476,0.008459082598848474,0.04188610254591099,0.0027833110486533688,0.0,0.0001637241793325511,0.8592517805004503,96382.0,0.0631964474694445,0.49574609366894234,8.30030503621008e-05,0.0015978087194704405,0.2532526820360648,0.029248199871345273,0.0057375858562802185,0.027422132763379053,0.0014214272374509763,0.0,0.0005187690647631301,0.7498288062086281
TUMOR.8584,8584,TUMOR,11638,15829,0.9324418844712145,121.72905085322823,0,0.39058934085112096,215.23010941780427,11638,215.6720541788877,77.9266235370348,962.7838379715732,0.7352328005559416,1.1672140960068578,0.36131998572424734,0.15777225554874216,0.11870967741935484,0.09789247311827957,0.01703225806451613,0.03191397849462366,0.0,0.0,0.7344516129032258,49098.0,0.029573506049126237,0.5840563770418347,0.0010591062772414355,0.0007332274227056092,0.38457778320909203,0.01645688215405923,0.0028921748340054584,0.03672247342050593,0.0025866634078781214,0.0,0.0003666137113528046,0.9409751924721984,121611.0,0.0288296288987016,0.5300918502438102,0.0004604846601047603,0.0006167205269260182,0.4400013156704574,0.015171324962380047,0.0033631826068365525,0.03241483089523152,0.0014472375031863893,0.0,0.00023024233005238014,0.9473731817023131
TUMOR.8660,8660,TUMOR,7967,16765,0.8446248057409697,100.71692734046766,0,0.2742890587344213,221.35265979879256,7967,210.62650083818346,112.76072964700211,1522.6843789287116,0.4752162242767671,1.3084353270833602,0.5353586998704973,0.04318022454748433,0.1695810793810542,0.0,0.015599446471254245,0.0005032079506856208,0.0,0.0096867530506982,0.8046295131463077,54384.0,0.141199617534569,0.7277875845837011,0.0,0.020263312739040893,0.0935201529861724,0.06213224477787584,0.0,0.030027213886437188,0.00011032656663724625,0.0,0.002151368049426302,0.9055788467196234,128006.0,0.18601471806009093,0.603104541974595,0.0002578004156055185,0.014546193147196225,0.18723341093386248,0.07605112260362795,1.5624267612455665e-05,0.02671749761729919,0.00044529162695498646,0.0,0.0010233895286158462,0.8957470743558895
TUMOR.8741,8741,TUMOR,15544,29362,0.8071350091687749,140.68132599376284,0,0.36972551258265546,280.17494534665303,15544,240.3381448324576,141.88768558946404,1925.7209588551707,0.5293917308085281,1.317870697991102,0.5903669003036348,0.052672743237839284,0.1388835232760286,0.0,0.0074045457472152465,0.0011589723778249951,0.0,0.0005794861889124976,0.8519734724100186,67206.0,0.10851709668779573,0.3089605094783204,0.0013391661458798322,0.009761033241079665,0.5702467041633188,0.035740856471148406,0.0,0.021634973067880845,0.0017706752373300003,0.0,0.0010564532928607564,0.93979704193078,151254.0,0.15325875679320877,0.3517262353392307,0.0006743623309135626,0.010935247993441496,0.482678144049083,0.04655083501923916,0.0,0.021123408306557182,0.001381781638832692,0.0,0.001176828381398178,0.9297671466539728
TUMOR.8851,8851,TUMOR,52629,112659,0.8846180507812235,258.8615923613754,-8,0.28749590298262867,514.8980481609927,53276,533.4881699247342,248.7742366927602,6421.46648379673,0.467153090299044,1.4250623595354628,0.46631631349549496,0.01603860315931619,0.13503240397590133,0.0,0.011042058650246118,0.0020145580325750235,0.0,0.003934089742858772,0.8479768895984188,139551.0,0.09843713051142593,0.41368388617781315,4.2995034073564504e-05,0.01155849832677659,0.47566839363386865,0.03641679386030913,0.0,0.02224276429405737,0.0009315590715938976,0.0,0.0010533783348023304,0.9393555044392373,269587.0,0.13707634270198488,0.3943253940286438,0.0001669219954968155,0.011832914791885366,0.45586396970180315,0.046107564533898145,0.0,0.020657524287150345,0.001016369483691721,0.0,0.0008939600203273897,0.9313245816749324
TUMOR.8878,8878,TUMOR,14072,23843,0.9494175304200849,133.8544988915696,0,0.3567951318458418,301.14448359549937,14072,294.5652275436115,92.49833739365084,1733.9219689819474,0.5901941869731158,1.3350190937874862,0.31401648512622254,0.058817504188673625,0.198634521015575,0.0,0.0037692909465898584,0.0,0.0,0.0,0.7975961880378352,63745.0,0.11247941014981568,0.5123852851204016,0.0,0.0038591262059769395,0.37110361596988,0.0520354537610793,0.0,0.013522629225821634,9.41250294140717e-05,0.0,0.00021962506863283394,0.9341281669150522,146981.0,0.11089868758547024,0.4482552166606568,0.0,0.00350385423966363,0.4367435246732571,0.04835318850735809,0.0,0.014056238561446718,0.00028575121954538344,0.0,0.0002177152148917207,0.9370871064967581
TUMOR.8889,8889,TUMOR,173400,467807,0.8950079312042992,469.87204328101626,-29,0.2703212520207839,1092.748827498799,185416,1080.3530061504102,481.8917013018807,19904.78440716979,0.3706656805049946,1.5263549036161053,0.4460502248417775,0.005499763331668488,0.15652098658589356,4.6156065195442086e-05,0.007419587480167316,0.00047886917640271165,0.0,0.0010673590076445982,0.8344670416846964,366290.0,0.07998034344371946,0.4135821343744028,6.006169974610282e-05,0.021209970242157854,0.4496573753037211,0.03084441289688498,1.0920309044745966e-05,0.020478309536159874,0.0005460154522372983,0.0,0.0005951568429386552,0.913937044418357,612425.0,0.11379679144385027,0.38361921867983834,0.0006645711719802425,0.017835653345307588,0.4049214189492591,0.041160958484712414,1.3062824019267665e-05,0.01861778993346124,0.0011642241907172306,0.0,0.0008817406213005674,0.8619030901743071
TUMOR.8896,8896,TUMOR,11138,25433,0.7041127199920509,119.08544012288085,0,0.315855145620055,219.82947936980608,11138,220.87720684654118,156.84230223804693,1669.4366876077088,0.43793496638225926,1.3294216385397526,0.710088218142926,0.05022005348307479,0.1890507011866235,0.0,0.011686443725278677,0.0,0.0,0.0005393743257820927,0.7987234807623157,62536.0,0.09620058846104644,0.49517078162978123,0.0,0.0014391710374824101,0.4071734680823845,0.04682103108609441,1.5990789305360113e-05,0.01846936164769093,0.000287834207496482,0.0,0.0002718434181911219,0.9341339388512216,142776.0,0.15081666386507536,0.4028618255168936,0.0,0.0015478791953829774,0.4447666274443884,0.06045133635905194,4.9027847817560375e-05,0.015086569171289293,0.0003501989129825741,0.0,0.00033619095646327115,0.9237266767523954
TUMOR.8915,8915,TUMOR,5981,11401,0.7801896394084299,87.26537524735116,0,0.35694676533778946,146.01369798755184,5981,144.83919167404943,90.60315193707531,991.2985565973347,0.5246031049907903,1.3080610028404833,0.6255430653118489,0.07648472663438914,0.11752854264607118,0.0,0.0005036937541974479,0.0,0.0,0.0,0.8819677635997314,42509.0,0.08092403961514032,0.24423063351290314,0.0,0.0025406384530334753,0.6723046884189231,0.027994071843609587,0.0,0.006657413724152532,0.00047048860241360655,0.0,0.0002822931614481639,0.9645957326683761,107178.0,0.10212916829946445,0.2316800089570621,0.0,0.002565825076041725,0.6636249976674318,0.03773162402731904,0.0,0.00738024594599638,0.0002985687361212189,0.0,0.00032655955513258316,0.9542630017354308
TUMOR.9066,9066,TUMOR,16028,30674,0.5006918163232005,142.85476338930806,-1,0.41122742200328405,232.7745690577044,16028,202.25412694772925,175.0763529930376,2391.9768388716366,0.5225272217513204,1.4372927698519649,0.8656256148399113,0.035202641878427886,0.13880736809241337,0.0,0.003746487667811427,0.0001248829222603809,0.0,0.0009990633780830472,0.8563221979394318,67376.0,0.09541973402992164,0.26178461173118023,0.0,0.0035769413440987887,0.6392187128947994,0.038396461648064595,0.0,0.007094514367133697,0.0002968416053194016,0.0,0.00032652576585134174,0.953885656613631,148469.0,0.12281351662636644,0.26942998201644786,0.0,0.005294034444900956,0.6024557314995049,0.047962874404757896,0.0,0.006499673332480181,0.00021553320895271067,0.0,0.00031656440064929377,0.9450053546531599
TUMOR.9145,9145,TUMOR,7729,11414,0.9432083766779354,99.20115141094922,1,0.49468766001024067,186.77526602845464,7729,200.6340613950271,66.6509728554694,741.7888886054566,0.6771508673558787,1.2357865727353499,0.3322016829646923,0.17651130425573086,0.18389313967060045,0.0,0.014395020101154196,0.003112436778627934,0.0,0.0006484243288808196,0.7979509791207366,44687.0,0.12433146105131246,0.44129165081567345,0.0,0.01304629981873923,0.4099850068252512,0.05357262738604068,4.475574551883098e-05,0.024011457470852822,0.00035804596415064786,0.0,0.0025286996218139503,0.919484413811623,113154.0,0.2154143910069463,0.4329497852484225,0.00012372518868091273,0.013167895081039998,0.3305848666419216,0.07487141417890662,1.7675026954416105e-05,0.02250914682644891,0.0003004754582250738,0.0,0.0018912278841225233,0.9004100606253425
TUMOR.9149,9149,TUMOR,19953,38851,0.7111603686014616,159.38929900122125,-1,0.3603575943651797,247.09714688761585,19953,257.7598237532249,181.21284292202222,2254.236723501459,0.5135775140923013,1.3954889049268278,0.7030298216509974,0.04934225864743311,0.12221664994984954,0.0,0.0036108324974924774,0.00025075225677031093,0.0,5.0150451354062184e-05,0.8738716148445336,74713.0,0.11843989667126203,0.31760202374419444,0.0,0.027250946957022206,0.5357702140189793,0.040863035883982705,0.0,0.011457176127313855,0.00016061461860720358,0.0,0.000588920268226413,0.9469302531018698,162368.0,0.1280239948758376,0.30942673433188805,0.0,0.01621624950729208,0.5451936342136382,0.04397418210484825,0.0,0.01293358297201419,0.0002586716594402838,0.0,0.0005912495072920772,0.9422423137564052
TUMOR.9152,9152,TUMOR,218452,590355,0.8431663499179874,527.3914343506972,-35,0.20573645820089376,1186.6161974286379,271481,1073.9298930305495,577.4013870442324,22778.786678679593,0.37003497895334164,1.4694643122840532,0.5376527749077261,0.00529059740065587,0.13342743617123662,2.749758250420484e-05,0.004912901407417931,0.00014207084293839167,0.0,0.0007836811013698379,0.860706412894533,412853.0,0.06892041477232816,0.2144661659234643,0.0,0.014656548456714618,0.6607533431996376,0.023773594959949424,0.0,0.0089959380215234,0.00018892923146979676,0.0,0.0007532947562449589,0.9255279724260209,695120.0,0.08698210380941421,0.21245396478305903,0.0,0.012441017378294394,0.626491828748993,0.028543273103924502,1.4386005294049948e-06,0.008833007250546669,0.00017550926458740937,0.0,0.000559615605938543,0.9006603176429969
TUMOR.9254,9254,TUMOR,6397,11544,0.6336492931847755,90.24917377832794,-1,0.3389139072847682,155.23208431248997,6397,141.7007256010484,109.6225765943618,1139.659992311072,0.5541406791406791,1.4006477564071218,0.7736204322834516,0.06189215570107307,0.13560119140931182,0.013011443799968648,0.021319956105972725,0.02586612321680514,0.0,0.002508230130114438,0.8016930553378272,44309.0,0.06944413098918956,0.4751404906452414,0.0008350447990250288,0.004739443453925839,0.44979575255591414,0.028346385610146924,0.0012638515877135572,0.0360423390281884,0.0028436660723555034,0.0,0.0021440339434426413,0.929359723758153,110429.0,0.08551195790960708,0.48736292097184614,0.0005071131677367359,0.005840857021253475,0.42021570420813376,0.03787048691919695,0.0008965036358203008,0.03309818978710303,0.0018473408253266805,0.0,0.0022367312934102454,0.9240507475391428
TUMOR.9266,9266,TUMOR,5815,8859,0.7975401588416857,86.04584796859736,0,0.5083930757125371,134.61797799699713,5815,133.37345036342433,80.45964892439115,685.2031021678297,0.6563946269330624,1.2181056666669037,0.6032658576736949,0.15563989963212604,0.0859603789836348,0.0,0.0024117140396210162,0.0,0.0,0.0,0.9116279069767442,38157.0,0.1708205571716854,0.19254658385093168,0.0,0.006184972613150929,0.6300285661870693,0.044683806378908196,0.0,0.006866367901040438,0.000183452577508714,0.0,0.0002620751107267343,0.948004298031816,99554.0,0.21553126946179962,0.19649637382726962,0.0,0.011360668581875163,0.5760190449404343,0.05234345179500573,0.0,0.0076641822528477005,0.0002310303955642164,0.0,0.00029129919440705547,0.9394700363621753
TUMOR.9386,9386,TUMOR,8411,17293,0.5860948192686846,103.48535070611422,0,0.3232637687843499,191.4627901186024,8411,165.159070178567,133.81889323291355,1529.7199128346442,0.48638177297172264,1.374686983692072,0.8102424716258755,0.04516829079973092,0.13336508692545845,0.0021433674684448677,0.009883305548940223,0.0050011907597046915,0.0,0.002619671350321505,0.8469873779471303,51572.0,0.05365314511750562,0.5007368339408982,0.0,0.008085782983014038,0.43742728612425347,0.026875048475917165,0.0006398821065694563,0.03575583650042659,0.0013185449468703949,0.0,0.001958427053439851,0.9334522609167766,123457.0,0.07656106984618126,0.5206995148108248,0.00015389973837044477,0.007022688061430296,0.3947366289477308,0.0351215402933815,0.00041309929773119386,0.03395514227625813,0.001166398017123371,0.0,0.0016118972597746583,0.9277319228557311
TUMOR.9445,9445,TUMOR,14824,27610,0.6424574818509402,137.38450790083303,-1,0.3544715447154472,212.20037700249262,14824,206.65615669743826,158.36502128465122,1849.377813104663,0.5369069177834118,1.3162000350011378,0.7663213320884058,0.05446581218016037,0.16605864072422646,6.755843804891231e-05,0.011282259154168356,0.00040535062829347385,0.0,0.0016889609512228078,0.82049723010404,62909.0,0.1602473413978922,0.42416824301769224,0.0,0.0012398861848066255,0.414344529399609,0.05935557710343512,0.0,0.013034700917197857,7.947988364145035e-05,0.0,7.947988364145035e-05,0.9274507622120841,142680.0,0.15511634426689094,0.4049831791421363,0.0,0.0010653209980375667,0.438807120829829,0.06061115783571629,4.2052144659377626e-05,0.01328847771236333,0.0001471825063078217,0.0,0.00013316512475469583,0.9257779646761984
TUMOR.9462,9462,TUMOR,40940,91691,0.9234132558864652,228.31212618136945,-2,0.29213643499357783,568.5789303166272,41944,532.0039628003319,204.18694586316576,5308.600430724999,0.446499656454832,1.3474696108470505,0.3838071896840359,0.01825566368730452,0.11735242376856919,0.0,0.006279319781078968,0.0017591868647380765,0.0,0.000488663017982799,0.874120406567631,134284.0,0.08557236900896607,0.3525810967799589,5.957522861993983e-05,0.012883143189061988,0.5468931518274701,0.031023800303833667,0.0,0.01576509487355158,0.0005063894432694886,0.0,0.0008638408149891276,0.9518408745643562,261336.0,0.0894939847552576,0.36996816359016743,3.06119325313007e-05,0.011165702390791931,0.52685814430465,0.03390271527841553,0.0,0.016905439740410814,0.00042474056387179724,0.0,0.001205344843419965,0.9475617595738819
TUMOR.9521,9521,TUMOR,7974,20366,0.9492832103371839,100.76116379696191,-1,0.253062519834973,234.75306174787156,7974,279.8264673989194,87.98368318680085,1333.8143212436225,0.3915349111263871,1.3301518480580867,0.3144223060979135,0.056324240346686955,0.10999497739829231,0.0,0.0032646911099949772,0.0,0.0,0.0,0.8867403314917127,59522.0,0.09776217197002789,0.2826181915930244,0.0,0.010349114613084237,0.6083800947548805,0.023621518094150064,0.0,0.012264372836934243,0.00026880817176842174,0.0,0.00036961123618157993,0.9634756896609656,136027.0,0.13080491373036235,0.25925000183787045,0.0,0.011034574018393407,0.5979695207569086,0.034610775801862864,0.0,0.012188756643901578,0.0004410889014680909,0.0,0.0006616333522021364,0.9520977453005653
TUMOR.9533,9533,TUMOR,6282,15203,0.8314321596922085,89.43428212954075,-2,0.25533471527862456,177.91290003819284,6282,190.23806105126158,105.70126631377777,1318.358477120907,0.4132079194895744,1.2838175202175026,0.5556262807225284,0.0454193342320967,0.1339712918660287,0.0,0.0009569377990430622,0.0,0.0,0.0004784688995215311,0.8645933014354067,50698.0,0.11456073217878417,0.3380409483608821,0.0,0.004674740620931792,0.5418951437926546,0.05453864057753757,0.0,0.005858219259142372,0.0003155943035228214,0.0,0.0008876089786579352,0.9383999368811393,120617.0,0.15338633857582265,0.28770405498395746,0.0,0.007362146297785552,0.5511992505202418,0.055655504613777496,0.0,0.006491622242304153,0.00035650032748285896,0.0,0.0007544541814172132,0.9367419186350183
TUMOR.9555,9555,TUMOR,6892,14272,0.8853264468849266,93.67586104389295,1,0.23056336143449752,217.46264046957583,6892,199.22927104520255,92.63563020434798,1073.8965363437815,0.4829035874439462,1.3178314013884662,0.46496998015582836,0.07509832481731214,0.1059593023255814,0.0,0.005668604651162791,0.00043604651162790697,0.0,0.0,0.8879360465116279,51902.0,0.1440214249932565,0.26785094986705715,0.0,0.0194404839890563,0.5665484952410311,0.04352433432237679,0.0,0.009190397287195099,0.00028900620399984584,0.0,0.0007514161303995993,0.9462448460560287,124429.0,0.18154931728134116,0.25370291491533326,0.0,0.019047006726727694,0.5447765392312082,0.049827612534055564,0.0,0.007916161023555602,0.00021699121587411295,0.0,0.0008117078816031632,0.9412275273449116
TUMOR.9557,9557,TUMOR,8327,16795,0.9505305476056709,102.96730398048548,-1,0.3543404255319149,239.43683927081898,8327,232.811071564597,72.31835842083898,1228.523953341751,0.49580232211967845,1.3151426756436029,0.31063109642864706,0.06933159180811685,0.13827101118191656,0.0010821209570758686,0.005651076109173981,0.0,0.0,0.0007214139713839125,0.8542743777804497,53977.0,0.11512310799044037,0.38507141930822386,0.0003520017785353021,0.00783667117475962,0.49009763417752006,0.04351853567260129,0.0005743186912944402,0.02293569483298442,0.000963373288622932,0.0,0.0017970617114697,0.9302110158030272,129180.0,0.10927388140579038,0.34867626567580123,0.0002090106827682304,0.00737730298807865,0.5336894256076792,0.03930174949682613,0.0007199256850905712,0.02007276668214894,0.0011534293234246788,0.0,0.0023223409196470044,0.9364297878928627
TUMOR.9626,9626,TUMOR,5930,9608,0.8853067761271468,86.89252269487585,0,0.3868232224396608,169.80577139779436,5930,147.80137378356832,68.7287373213158,738.6173157302028,0.6171940049958368,1.2492454094064218,0.4650074323528152,0.13659210181709858,0.14341216216216215,0.0,0.004898648648648649,0.0008445945945945946,0.0,0.0,0.8508445945945946,41621.0,0.09454361980730881,0.4312005958530549,0.0,0.013238509406309315,0.4595276422959564,0.03863434324019125,0.0,0.02899978376300425,0.0017779486317003436,0.0,0.002763028278993777,0.9278248960861104,106509.0,0.09768188603779962,0.5084828512144514,0.0,0.016402369752790844,0.37354589752978623,0.041048174332685504,6.572214554638575e-05,0.027913134101343547,0.0014083316902796946,0.0,0.001821442319428405,0.9277431954107165
TUMOR.9644,9644,TUMOR,5845,9490,0.7001634578013528,86.2675207652163,0,0.3775839793281654,144.27751037497146,5845,123.79184608087385,88.38522232537977,723.4873734152917,0.6159114857744995,1.2287983580725037,0.7139825854736608,0.1403241652601617,0.10526315789473684,0.0,0.0041145208297617,0.0,0.0,0.0,0.8906223212755014,40699.0,0.12017494287328927,0.17440231946730878,0.0,0.007100911570308853,0.6974127128430674,0.030295584658099707,0.0,0.009361409371237623,0.00039313005233543823,0.0,0.0008354013612128062,0.9591144745571144,105030.0,0.15238503284775778,0.2903265733599924,0.0,0.010139960011425307,0.5463486622869657,0.03766542892506903,0.0,0.011053984575835476,0.00018090069503951252,0.0,0.00041892792535466055,0.9506807578787013
TUMOR.9669,9669,TUMOR,6498,15121,0.8806096675236635,90.95883993152665,-1,0.3037868162692847,187.29655629509048,6498,209.64787471337718,99.34005065480116,1053.269119345812,0.42973348323523575,1.2964006185612338,0.4738423930632028,0.07360560188189265,0.14307739747147702,0.0,0.008788159111933395,0.0,0.0,0.0,0.8481344434165896,50977.0,0.07758400847441002,0.27247582242972324,0.0,0.0026286364438864586,0.6473115326519803,0.030935519940365263,0.0004315671773544932,0.010220295427349589,0.0006865841457912392,0.0,0.0,0.9577260333091394,122182.0,0.0910281383509846,0.2619780327707846,0.0,0.003134667954363163,0.6438427919006073,0.03331914684650767,0.0001800592558642026,0.010885400468154066,0.0003683030233585962,0.0,0.0001800592558642026,0.9550670311502513
TUMOR.9721,9721,TUMOR,5034,8073,0.3334353889633169,80.05927721505365,0,0.4091019910605445,123.69316876852982,5034,103.83381501912399,97.89171243318773,815.3868683519032,0.6235600148643627,1.3635965036204882,0.9427729532537946,0.09514712047047653,0.16487240829346092,0.0027910685805422647,0.004784688995215311,0.0017942583732057417,0.0,0.0011961722488038277,0.8245614035087719,37768.0,0.08578690955306079,0.23707900868460072,0.0,0.009637788604109299,0.6674962931582292,0.03251429781825884,0.00042363905952128787,0.016416013556449904,0.0012709171785638637,0.0,0.0018534208854056344,0.9475217115018004,98865.0,0.12424012542355738,0.28602639963586707,0.0010215951044353412,0.007029788094876852,0.5815303696960502,0.04222930258433217,0.001183431952662722,0.01769079047185556,0.0028321448439791634,0.0,0.0016992869063874982,0.9343650432407828
TUMOR.9789,9789,TUMOR,6967,12358,0.8126355799823185,94.18418077453282,-2,0.4411727456940223,147.12239802287073,6967,162.7267823904395,94.83264176900012,1186.523953341751,0.5637643631655608,1.347368254069313,0.5827721803130282,0.062187436459774086,0.13629821531375935,0.0,0.003742084052964882,0.0,0.0,0.0012953367875647669,0.858664363845711,44163.0,0.12535380295722665,0.28356316373434776,0.0,0.013246382718565314,0.57656862079116,0.04485655412902203,0.0,0.007540248624414102,0.00027172067115005776,0.0,0.0012906731879627742,0.946040803387451,109501.0,0.190591866740943,0.2818878366407613,0.0,0.018383393758961107,0.5080318901197249,0.0591136154007726,0.0,0.007196281312499429,0.00021004374389274984,0.0,0.0014429091971762814,0.9320371503456589
TUMOR.9803,9803,TUMOR,4780,10389,0.5655014566803223,78.01336439248136,0,0.2764603817235396,133.4541119636259,4780,124.7173104319519,102.86026456077114,830.3218971944476,0.4601020309943209,1.1801229953117145,0.8247472961413294,0.08712539862012195,0.13459119496855346,0.0,0.006079664570230608,0.0,0.0,0.0012578616352201257,0.8580712788259958,41847.0,0.05474705474705475,0.3424379286448252,2.3896575620713553e-05,0.003680072645589887,0.5991110473869095,0.022582263961574308,0.00045403493679355746,0.02501971467488709,0.0012904150835185318,0.0,0.0018161397471742299,0.9488374315960523,105483.0,0.05765858005555397,0.34000739455646883,9.480200601044718e-06,0.00285354038091446,0.5994330840040575,0.023463496487585677,0.0002844060180313415,0.027483101542428636,0.0013651488865504395,0.0,0.0012893072817420817,0.9461145397836618
TUMOR.9864,9864,TUMOR,7867,13657,0.773761126537169,100.08284317719757,1,0.3360816814764183,164.24676556937126,7867,163.4520851866622,103.5432152044772,1133.210244842766,0.5760415903932049,1.224185276204414,0.6334774810993137,0.07698356697653985,0.12299465240641712,0.0,0.006620830150241915,0.0,0.0,0.00025464731347084286,0.8701298701298701,47284.0,0.05395059639624397,0.15628965400558328,0.0,0.0045046950342610605,0.7852339057609339,0.021275695795617968,0.0,0.006238896878436681,0.00016919042382201166,0.0,0.00023263683275526604,0.9720835800693681,115589.0,0.05269532567977922,0.11828980266288315,0.0,0.0033394181107198784,0.8238067636193755,0.018730155983700873,0.0,0.005640675150749639,0.00013842147609201567,0.0,0.00022493489864952547,0.9734057739058215
TUMOR.9929,9929,TUMOR,7955,14309,0.8540484292631513,100.64104817800846,0,0.38729308666017526,181.10770276274835,7955,186.80035577623875,97.1723314166806,1256.1219330881975,0.555943811587113,1.337919416694033,0.5201935029132373,0.06335581037085913,0.13442416614222782,0.0015103838892385148,0.005160478288231592,0.001132787916928886,0.0,0.0021397105097545627,0.8556324732536186,47674.0,0.128204052523388,0.2348449888828292,0.0,0.007131769937492134,0.6295465033351513,0.03763057431723791,0.00046146746654360867,0.013109871208625246,0.0005663464362126106,0.0,0.00106976549062382,0.9471619750807568,116139.0,0.11445767571616769,0.23072352956371245,0.0,0.0055881314631605235,0.6490842869320383,0.03811811708383919,0.00018942818519188215,0.012364494269797398,0.0006888297643341169,0.0,0.0010935172508804106,0.947545613445957
TUMOR.9960,9960,TUMOR,11514,21543,0.7605570179886716,121.07881779271163,0,0.37656985871271587,213.45959805077868,11514,202.4510271116485,131.44561059369386,1476.9331162702408,0.5344659518172956,1.3369954125765087,0.6492711470473485,0.06633067734140473,0.12218453778589443,0.0,0.0074789112096704065,0.0,0.0,0.0008696408383337682,0.8694669101661014,57034.0,0.17263386751762108,0.2616509450503209,0.0,0.03220885787425045,0.5315601220324718,0.05224953536487008,0.0,0.00627695760423607,0.00014026720903320827,0.0,0.0014552722937195357,0.9398779675281411,133462.0,0.16532795852002818,0.25163717013082376,0.0,0.027393565209572764,0.5546897244159387,0.051385413076381295,0.0,0.006750985299186285,0.0001873192369363564,0.0,0.0010864515742308673,0.9405898308132652
TUMOR.10076,10076,TUMOR,34461,95916,0.9441298447677606,209.46863237993045,-2,0.21166390270867882,545.5758425736975,37520,588.2982009620217,193.88762593931952,4768.69988976786,0.3592831227323908,1.40904379385022,0.32957371894434223,0.019043104754308086,0.1281611534213127,0.00014534038718679146,0.005435730480786001,0.000988314632870182,0.0,0.0017440846462414975,0.8635253764316028,136996.0,0.08745510817834097,0.25759146252445325,0.0,0.010576951151858449,0.5885208327250431,0.026752605915501184,0.0,0.010861630996525446,0.00025548191188063887,0.0,0.0003795731262226634,0.9065885135332419,264988.0,0.09856295379413407,0.2610344619378991,0.0,0.009936299002218969,0.5468021193412532,0.02954850785695956,0.0,0.010498588615333525,0.00031322173079535677,0.0,0.0005094570320165442,0.876292511359005
TUMOR.10079,10079,TUMOR,6291,11614,0.7316929035285252,89.498323872176,1,0.3639782457764406,166.48123017325406,6291,143.90958330081767,98.09372665437587,1144.7604973744603,0.5416738419149303,1.4147706767347303,0.6816344290937747,0.06032540966788747,0.1009714922758401,0.0,0.002866698518872432,0.0006370441153049849,0.0,0.0012740882306099697,0.8942506768593725,43924.0,0.09113468718695929,0.22960112922320372,0.0,0.009152171933339405,0.6699981786722521,0.02893634459520991,0.0,0.009311538111283126,0.0006146981149257809,0.0,0.0018440943447773426,0.9592933248338038,109342.0,0.12166413637943334,0.2346033546121344,0.0,0.010096760622633571,0.6335534378372446,0.038009182198972036,6.401931554206069e-05,0.011358855700462769,0.0009054160340948584,0.0,0.0014175705584313439,0.9482449561924969
TUMOR.10097,10097,TUMOR,4515,9956,0.6476530278016212,75.82002733103741,-1,0.27211909353905495,156.81836627130127,4515,136.53175958931183,104.0283810172162,917.6234123846127,0.4534953796705504,1.3165151065456926,0.7619354011852925,0.06738118544265413,0.12844444444444444,0.0,0.005111111111111111,0.00022222222222222223,0.0,0.0008888888888888889,0.8653333333333333,43322.0,0.09427080928858317,0.2576058353723282,0.0,0.0011079820876229167,0.6470153732514657,0.03647107705092101,0.0,0.0053090808365264764,0.0004385762430174046,0.0,0.0004847421633350261,0.9572965237062001,108136.0,0.1468336169268329,0.25528038765998373,0.0,0.006769253532588592,0.5910797514241326,0.052646667159872755,5.548568469334912e-05,0.006815491603166383,0.0003236664940445365,0.0,0.00029592365169786193,0.9398627654065251
TUMOR.10116,10116,TUMOR,4367,8473,0.6939738602407034,74.56699733701537,1,0.3830701754385965,121.82364302548172,4367,113.04051189942655,81.38919064993952,750.1147904132612,0.5154018647468429,1.3487361883764053,0.7200001953490128,0.09752985946393156,0.11639118457300275,0.0,0.0,0.0,0.0,0.0004591368227731864,0.8831496786042241,38166.0,0.08237698475082535,0.2063616831735052,0.0,0.003327569040507258,0.7079337630351622,0.028900068123460673,0.0,0.005371272860661322,0.00026201331027616204,0.0,5.2402662055232405e-05,0.9654142430435466,98772.0,0.09563439031304419,0.19763698214068764,0.0,0.0028854331186976066,0.7038431944275706,0.031476531810634596,0.0,0.004474952415664358,0.00020248653464544606,0.0,8.099461385817843e-05,0.9637650346251975
TUMOR.10118,10118,TUMOR,6773,14408,0.7972970610483509,92.86361739934136,1,0.2958158630328442,167.6007159889241,6773,172.39619073691824,104.05611812568783,1124.239682094289,0.4700860632981677,1.2903451881824268,0.6035871075856925,0.06734000103678489,0.0802487414865265,0.0,0.004441812259401836,0.0008883624518803672,0.0,0.002220906129700918,0.9122001776724904,47916.0,0.12620001669588446,0.21919609316303532,0.0002295684113865932,0.015276734284998747,0.6390141080223725,0.03794139744552968,0.0,0.014400200350613573,0.0012939310459971617,0.0,0.0007721846564821772,0.9455922865013774,115860.0,0.16021059899879164,0.24021232522009323,9.494217158639738e-05,0.014344899016053857,0.5850940790609356,0.046279993095114796,0.0,0.01262730882099085,0.0009321595028482652,0.0,0.0008803728638011393,0.9392801657172449
TUMOR.10134,10134,TUMOR,9820,19092,0.8817801140267754,111.817763925502,0,0.33214950109927277,228.06358762415363,9820,228.84831125528288,107.93875821816121,1320.8498551495554,0.5143515608631888,1.3121256263668009,0.4716607154586092,0.07073175696297834,0.13860275369709332,0.0,0.006323304436511984,0.0013258541560428353,0.0,0.000407955124936257,0.8533401325854156,56041.0,0.07503434985100195,0.3466926000606699,0.0,0.00612051890580111,0.569547295729912,0.02862190182188041,0.00012490854909798184,0.013097553576845524,0.0010349565496689923,0.0,0.0015881229813886262,0.9555325565211185,131689.0,0.08678021702647905,0.3148174866541625,0.0,0.008064454889930062,0.5889709846684233,0.030283470904935113,5.3155540705753705e-05,0.012818078958758894,0.0007062093265192993,0.0,0.00143519959905535,0.9547038856700256
TUMOR.10437,10437,TUMOR,10680,19198,0.882845968607957,116.61131307798372,1,0.35275465715418153,231.23364807051763,10680,213.29779179462648,100.17800406876356,1309.77878733769,0.5563079487446609,1.3316751587896538,0.4696626403203453,0.07823214025751839,0.11743205248359888,0.0,0.004592314901593252,0.0,0.0,0.003561387066541706,0.8744142455482662,55144.0,0.16070651385463514,0.25908530393152474,0.0,0.04317786159872334,0.5355614391411577,0.04245248803133614,0.0,0.007126795299579283,9.067169592340056e-05,0.0,0.0009611199767880458,0.9493689249963732,129279.0,0.2052150774681116,0.2195329481199576,0.0,0.03625492152631131,0.5382235320508358,0.05513656510338106,0.0,0.006992628346444512,0.00010055770852187903,0.0,0.0010442531269579747,0.9367259957146946
TUMOR.10538,10538,TUMOR,12362,24243,0.7983453065729367,125.45830882016575,-1,0.44236893898729646,214.7091055358389,12362,213.5030556450397,128.57152796170766,1785.182899632296,0.509920389390752,1.3137430929010436,0.6021999431027569,0.048745347094894996,0.1139777922926192,0.0,0.0013879817112998042,0.0,0.0,0.0005715218811234487,0.8840627041149576,60802.0,0.031413440347357,0.05953751521331535,0.0,0.0046708989835860665,0.6363606460313805,0.008568797079043452,0.0,0.0035854083747245157,0.0,0.0,0.0002631492385118911,0.7195651458833591,138753.0,0.04274502172925991,0.0453755954826202,0.0,0.005938610336353088,0.546453049663791,0.010846612325499268,0.0,0.0033729000454044236,0.0,0.0,0.0001945903872348706,0.6260981744538857
TUMOR.10560,10560,TUMOR,13635,33247,0.6741978385594931,131.7597100500147,-2,0.27126770650962917,265.23951440160647,14572,239.0312343178995,176.5367077609472,1913.3605691619598,0.4101121905735856,1.3414253428138856,0.7385507934338081,0.046802749473677,0.11772477064220184,0.0,0.0014678899082568807,0.0,0.0,0.0005137614678899083,0.8802935779816514,73424.0,0.06971834822401395,0.094424166485073,0.0,0.011889845282196557,0.8239676400087165,0.018222924384397474,0.0,0.005788298104162127,5.447809980387884e-05,0.0,0.0003677271736761822,0.9755665722379604,160710.0,0.08333644452740963,0.09561943874058863,0.0,0.009402028498537739,0.7821293012258105,0.02124945554103665,0.0,0.004984132910210939,3.1111940762864786e-05,0.0,0.00034845373654408563,0.9438740588637919
TUMOR.10672,10672,TUMOR,4579,6025,0.831949966430134,76.3555097903374,1,0.4552594949294094,121.0826164236634,4579,111.79702750528523,62.030654341640336,495.4629867976521,0.76,1.21993336622763,0.5548506586072498,0.23440025229226688,0.1482373549375958,0.0,0.0002189621195533173,0.0,0.0,0.0004379242391066346,0.8511057587037443,33410.0,0.10383118826698594,0.17584555522298714,0.0,0.007752170008979348,0.7122717749176893,0.03073929961089494,0.0,0.007063753367255313,0.0004190362167015863,0.0,0.00074827895839569,0.9610296318467525,91475.0,0.1103033615742006,0.1926537305274665,0.0,0.0074883848045914185,0.6892156326865264,0.03232577206887128,6.559169171904892e-05,0.006264006559169172,0.0002405028696365127,0.0,0.0008089641978682701,0.9602951626127357
TUMOR.10679,10679,TUMOR,4503,8419,0.7979603838762824,75.71920278200528,0,0.3722718253968254,135.60235986147143,4503,130.9786648357431,78.94213822498473,917.4701294725885,0.5348616225204894,1.412165661008621,0.6027099018300728,0.06722455619323192,0.1310928110393946,0.0,0.008012463832628533,0.0,0.0,0.0,0.8608947251279768,38376.0,0.09057744423598083,0.19665937043985823,0.0,0.007244110902647488,0.705232436939754,0.025901605169897854,0.0,0.005367938294767563,0.0,0.0,0.0006775067750677507,0.9680529497602668,99357.0,0.09733586964179676,0.16483992069003695,0.0,0.008585202854353493,0.7286149944140825,0.02741628672363296,5.0323580623408517e-05,0.004659963565727628,0.0,0.0,0.0008756303028473082,0.9669977958271687
TUMOR.10744,10744,TUMOR,4248,8899,0.9519139786691536,73.54401121801129,0,0.26417910447761195,169.11830178901394,4248,191.88944249042555,58.78829172237803,674.5584412271571,0.47735700640521406,1.1990501111363268,0.306365430840789,0.11731544964695284,0.10506389020350212,0.0,0.005679129200189304,0.001183151916706105,0.0,0.000709891150023663,0.8873639375295788,41456.0,0.07217290621381706,0.10888653029718255,0.0,0.008587417985333847,0.8103531455036665,0.0196593979158626,0.0,0.007091856426090313,0.00012060980316480124,0.0,0.0004583172520262447,0.9726698186028561,105209.0,0.07083994715281013,0.1259397960250549,0.0,0.004952047828607819,0.7411533233848815,0.022041840526951115,0.0,0.00718569704112766,0.00014257335399062818,0.0,0.0003611858301095914,0.9131538176391754
TUMOR.10810,10810,TUMOR,6168,13048,0.8029410976199046,88.61908096976906,1,0.348967468175389,176.50495743746123,6168,163.1649906760437,97.25586020460408,961.2691193458119,0.4727161250766401,1.2683985551695915,0.5960583811615627,0.08388112515234566,0.11974004874086108,0.0,0.004386677497969131,0.0008123476848090983,0.0,0.0037367993501218524,0.8713241267262388,47245.0,0.049465551910255055,0.15254524288284474,0.0,0.0028786114932797123,0.7949835961477405,0.020044449148057995,0.0,0.007492856386919251,0.00016933008783998307,0.0,0.0010371467880198964,0.9712562175891629,115130.0,0.044619126205159385,0.12445062103708851,0.0,0.004230000868583341,0.7480152870667941,0.016859202640493356,0.0,0.005333101711109181,6.948666724572222e-05,0.0,0.0009641275080343959,0.8981846608182055
TUMOR.10822,10822,TUMOR,5271,10123,0.7888514316969473,81.92219259943573,1,0.3777952981651376,158.52129194527782,5271,139.43329704928667,85.69346500010441,823.3929650063133,0.5206954460140275,1.3931179401377296,0.6145839395149182,0.09769865300269456,0.15652339292506656,0.0,0.0030429821224800305,0.0,0.0,0.0,0.8404336249524534,41811.0,0.03357967998851977,0.10181531176006314,0.0,0.001841620626151013,0.862763387625266,0.012365167061299658,0.0,0.0038028270072468966,0.00021525435890076773,0.0,0.0,0.9836167515725527,105825.0,0.043127805339003074,0.09664068036853296,0.0,0.0013040396881644225,0.7484715331915899,0.013890857547838413,0.0,0.004346798960548075,0.00019844082211197732,0.0,5.669737774627923e-05,0.8710512638790456
TUMOR.10955,10955,TUMOR,4876,8625,0.4617622311754921,78.79286782525848,0,0.4081017743555407,118.46096403457132,4876,105.52267394449154,93.59900686504936,724.475180106472,0.5653333333333334,1.2836275829004131,0.8870037439942582,0.11674184104555752,0.10361395445999583,0.0,0.0004177982034677251,0.0008355964069354502,0.0,0.0008355964069354502,0.8942970545226655,38373.0,0.05498657910509994,0.07489641153936362,0.0,0.006488937534203737,0.5849425377218357,0.01433299455346207,0.0,0.0035962786334141194,2.6059990097203763e-05,0.0,0.0,0.7033591327235296,99520.0,0.06375602893890675,0.08783159163987138,0.0,0.007566318327974277,0.557084003215434,0.017162379421221865,0.0,0.004039389067524116,4.019292604501608e-05,0.0,0.00027130225080385854,0.6948754019292605
TUMOR.11112,11112,TUMOR,11141,17321,0.9547598470400523,119.10147676622002,0,0.343349358974359,233.54014644167714,11141,242.37925582363843,72.07824187261325,1119.8376618407356,0.6432076669938225,1.2763510643347957,0.29737793206634516,0.11164104666847566,0.2589204854193081,0.0,0.008784640463684115,0.0,0.0,0.0,0.7322948741170078,51818.0,0.0032807132656605814,0.3302906325987109,0.0,0.0007719325330966074,0.3550117719711297,0.0044965070052877375,0.0,0.012196534022926397,0.00019298313327415184,0.0,0.0,0.6724690262071095,125877.0,0.0013505247185744815,0.13982697395076146,0.0,0.00031777052201752506,0.2819260071339482,0.0018669018168529596,0.0,0.005402098874297926,7.944263050438127e-05,0.0,0.0,0.4160728330036464
TUMOR.11151,11151,TUMOR,6019,12515,0.9651577127652534,87.54215453003738,1,0.27039532794249777,219.49487465542333,6019,231.19573908544504,60.49672424463812,836.3990616607231,0.4809428685577307,1.1716522029097003,0.2616688546421689,0.10812027297528652,0.11867509986684421,0.0,0.003328894806924101,0.0,0.0,0.0008322237017310253,0.8771637816245007,49918.0,0.061821387074802676,0.09443487319203493,0.0,0.003445650867422573,0.8377939821306943,0.01530510036459794,0.0,0.010998036780319725,8.013141552145518e-05,0.0,0.0006009856164109139,0.9707720661885492,121546.0,0.05310746548631794,0.06667434551527816,0.0,0.0026821121221595116,0.708283283695062,0.013492833988777911,0.0,0.007338785315847498,9.872805357642374e-05,0.0,0.0005100949434781893,0.8095289026376845
TUMOR.11221,11221,TUMOR,12686,21229,0.6903956927248519,127.0917655259784,-1,0.4108160621761658,197.9520143873257,12686,200.24606243406586,144.86439959066394,1445.193000900063,0.5975787837392247,1.2653407105454728,0.7234319508198209,0.0763278223213803,0.08978078658929722,0.00016118633139909736,0.017408123791102514,0.002820760799484204,0.002014829142488717,0.024016763378465505,0.8637975499677627,56444.0,0.021330876621075755,0.09384522712777266,0.0,0.08059315427680533,0.3757352420097796,0.003295301537807384,0.0,0.007068953298844873,0.00035433349868896607,0.0,0.007635886896747219,0.5586421940330238,132083.0,0.010061855045690966,0.057509293398847694,0.0,0.03479630232505319,0.2770303521270716,0.0016656193454115972,0.0,0.0046637341671524725,0.0001968459226395524,0.0,0.0033085256997494,0.37194794182445884
TUMOR.11272,11272,TUMOR,9385,20757,0.7548439200257888,109.31309677865458,1,0.30025274338548164,221.56263222845138,9385,185.12367193354874,121.42344147333927,1311.0336213336286,0.4521366286072168,1.304724934886268,0.6559044567618827,0.06861459155354255,0.16403988420714055,0.0,0.0005360780529645116,0.00021443122118580465,0.0,0.0004288624423716093,0.8347807440763375,57751.0,0.05799033782964797,0.20647261519281052,0.0,0.0018008346175823796,0.541930009869959,0.02140222680126751,0.0,0.005454451005177399,0.00012121002233727554,0.0,0.0015064674204775675,0.7812678568336479,133786.0,0.052494281912905685,0.1546723872453022,0.0,0.0017341126874261881,0.551791667289552,0.019568564722766208,0.0,0.005292033546110953,0.00018686559131747717,0.0,0.0017565365583842854,0.7432466775297863
TUMOR.11274,11274,TUMOR,8524,18977,0.4825038614047763,104.17818331744189,0,0.31350913972562433,183.65728953678914,8524,159.96866054788742,140.11556480340022,1603.2834046956848,0.44917531748959266,1.3276933785072436,0.8758938427283757,0.04167088370034383,0.17486403405060297,0.0,0.0022463939465594703,0.0,0.0,0.0014187751241428233,0.8214707968786947,55181.0,0.05369601855711205,0.20798825682753122,0.0,0.0,0.35157028687410524,0.02375817763360577,0.0,0.0014497743788622897,7.248871894311447e-05,0.0,0.0007792537286384806,0.6030517750675051,128339.0,0.053872945869922625,0.1214907393699499,0.0,0.00014804541098185274,0.2897326611552217,0.020328972486929147,0.0,0.0010207341494011953,4.675118241532192e-05,0.0,0.001301241243893127,0.4534397182462073
TUMOR.11320,11320,TUMOR,4701,7555,0.8591051264633047,77.36600739213573,-1,0.43527777777777776,144.4195277654653,4701,135.07283303169618,69.13016268340506,622.1736649163068,0.6222369291859695,1.1722552722289161,0.5117991614730031,0.15260784727468404,0.18649861140781884,0.0,0.0,0.0,0.0,0.004699850459303568,0.8088015381328776,37516.0,0.08028574474890714,0.12328073355368376,0.0,0.0010928670433948183,0.7167608487045527,0.02556242669794221,0.0,0.004504744642285958,0.00010662117496534811,0.0,0.003865017592493869,0.9177151082204926,98735.0,0.08793234415354231,0.17790044057325163,0.0,0.001033068314174305,0.5292449485997873,0.0293310376259685,0.0,0.003970223325062035,7.089684509039348e-05,0.0,0.002045880386894212,0.7748923887172735
TILS.118,118,TILS,10758,16099,0.7314838698090239,117.03636623828031,0,0.4691261119832548,184.14125013152267,10758,173.17083062948754,118.07804525331122,1285.1686142824235,0.6682402633703957,1.3590284602086287,0.6818587450559059,0.08185047087167684,0.03369949730031652,0.008843790727983615,0.02029417240737293,0.1958666914913424,0.0016756656116179481,0.004468441630981195,0.7351517408303854,47879.0,0.10445080306606236,0.3081309133440548,0.008166419515862904,0.016875874600555566,0.4984857662023016,0.03464984648802189,0.004615802335052946,0.03483782033877065,0.015685373545813404,0.00014620188391570416,0.005910733306877755,0.8404310866977172,116836.0,0.06551063028518607,0.2137354924851929,0.003389366291211613,0.008875688999965764,0.5330292033277414,0.021089390256427813,0.0020712794001848745,0.02118353932007258,0.006530521414632476,5.991304050121538e-05,0.0029442979903454413,0.7710722722448561
